3
3
3
3
3
3
8
8
8
8
8
8
8
8
8
14
14
14
14
14
16
16
16
16
16
16
16
16
28
28
28
28
29
29
29
29
29
29
29
29
29
29
29
29
29
29
29
31
31
31
32
32
32
32
32
32
32
32
32
36
36
36
36
36
36
41
41
41
44
44
44
44
44
44
44
44
44
49
49
49
49
63
63
63
63
63
67
67
67
67
67
67
67
67
67
72
72
72
72
76
76
76
76
76
76
76
76
76
76
76
76
76
76
76
76
76
76
76
77
77
77
77
77
77
77
82
82
82
82
82
82
82
82
82
82
83
83
83
83
83
83
104
104
104
104
104
104
104
104
107
107
107
107
107
107
107
108
108
108
108
111
111
111
111
111
111
113
113
113
113
113
118
118
118
118
119
119
119
122
122
122
122
122
126
126
126
126
126
130
130
134
134
134
134
134
134
134
134
137
137
137
137
137
137
137
140
140
140
152
152
152
152
152
152
154
154
154
154
154
154
154
154
154
154
154
154
155
155
155
155
155
155
156
156
156
156
156
163
163
163
163
163
174
174
174
174
178
178
178
181
181
181
181
181
181
181
181
181
181
193
193
193
193
193
193
193
193
193
193
198
198
198
198
198
201
201
201
201
201
201
202
202
202
202
204
204
209
209
210
213
213
213
213
213
217
217
217
217
221
221
221
221
221
221
226
226
226
226
226
226
227
227
227
227
240
240
240
240
240
240
242
242
242
242
250
250
250
250
250
260
260
260
260
260
260
260
260
261
261
261
261
261
282
282
282
282
282
282
282
282
282
282
282
282
282
282
282
282
282
282
282
287
287
287
287
287
287
287
287
289
289
289
289
289
298
298
298
298
298
298
302
302
302
302
302
302
302
313
313
313
313
313
315
315
315
315
315
315
315
335
335
335
335
335
336
336
336
336
336
346
346
349
349
350
350
350
350
369
369
369
369
382
382
382
382
382
384
384
384
384
384
384
384
384
384
386
386
386
387
387
387
387
387
391
391
391
391
391
391
396
396
396
396
396
396
396
397
397
397
397
397
397
397
398
398
398
398
398
398
405
405
405
405
406
406
406
406
406
406
406
406
406
406
406
412
412
412
412
412
412
414
414
414
414
421
421
421
421
421
421
421
421
421
423
423
424
424
424
424
429
429
429
429
437
437
437
450
450
450
450
450
450
450
450
450
450
450
451
451
451
451
451
453
453
453
453
453
453
454
454
454
458
458
458
458
458
458
458
458
458
458
461
461
461
461
461
461
461
461
461
461
471
471
471
471
471
471
479
479
479
479
479
479
484
484
484
484
485
485
485
485
485
488
488
488
488
490
490
490
490
490
495
495
495
501
501
501
501
501
506
506
506
515
515
515
515
517
517
517
520
520
520
520
520
520
526
526
526
526
526
526
526
535
535
535
536
536
536
536
536
536
545
545
545
545
545
545
548
548
548
548
548
548
548
551
551
555
555
555
555
555
555
555
558
558
558
558
558
562
562
562
562
562
569
569
569
569
569
569
570
570
570
570
570
570
576
576
576
576
576
585
585
588
588
588
588
589
589
589
589
589
589
589
595
595
595
598
598
598
598
604
604
604
604
606
606
606
606
606
606
606
607
607
607
607
611
611
611
611
611
611
611
619
619
619
619
627
627
627
627
627
627
627
627
627
630
630
630
630
635
635
635
643
643
644
644
644
644
644
651
651
651
651
656
656
656
656
659
659
659
659
659
659
659
663
663
663
663
663
663
666
666
666
666
666
668
668
675
675
675
675
675
678
678
678
678
678
678
678
681
681
681
681
687
687
687
687
707
707
707
707
707
707
707
707
707
707
707
714
714
714
714
714
714
714
716
716
716
716
721
721
723
723
723
723
724
724
724
724
724
724
724
724
724
724
725
725
725
725
725
725
726
726
726
726
726
728
728
728
728
728
728
728
728
728
728
730
730
730
730
730
732
732
732
744
744
744
744
744
748
748
748
748
748
748
750
750
750
750
750
750
750
750
750
750
750
762
762
762
762
763
763
773
773
773
775
775
775
775
775
775
775
775
775
775
775
775
777
778
778
778
778
778
783
783
783
783
783
783
783
783
783
783
783
783
783
783
786
786
786
786
786
793
793
793
793
793
793
793
793
793
793
811
811
811
811
811
811
811
811
811
811
811
812
812
814
814
814
814
814
814
814
814
814
814
814
814
814
814
818
818
818
823
823
823
823
823
823
823
823
823
823
823
823
827
827
827
837
837
837
837
837
837
837
841
841
841
850
850
850
850
850
850
851
851
851
851
851
851
851
851
851
854
854
854
854
858
858
858
858
858
858
858
858
858
859
859
859
859
866
866
866
866
866
872
872
872
877
877
877
877
879
879
879
879
879
879
879
879
881
881
881
881
881
902
902
902
902
910
910
921
921
925
925
925
925
925
925
932
932
932
934
934
934
934
934
934
934
934
937
937
937
937
937
937
937
937
937
937
942
942
942
942
942
942
942
942
942
942
945
945
945
945
945
945
948
948
948
948
948
959
959
959
959
962
962
962
962
962
962
962
962
962
962
962
963
963
963
963
963
963
966
966
969
969
969
969
969
971
971
971
971
971
971
973
973
973
973
973
973
990
990
990
990
990
990
992
992
992
992
992
992
992
992
992
996
996
997
997
997
997
997
997
998
998
998
998
998
998
998
998
998
1000
1000
1000
1000
1000
1000
1000
1000
1000
1000
1000
1000
1000
1003
1003
1003
1003
1003
1017
1017
1017
1017
1017
1017
1017
1017
1017
1017
1023
1023
1023
1023
1023
1028
1028
1028
1028
1028
1028
1028
1028
1028
1028
1035
1042
1042
1042
1042
1042
1042
1042
1042
1046
1046
1046
1049
1049
1049
1049
1049
1049
1049
1049
1049
1050
1050
1050
1053
1053
1053
1053
1055
1055
1058
1058
1058
1058
1058
1060
1060
1060
1060
1060
1060
1060
1060
1065
1065
1065
1065
1088
1088
1088
1088
1089
1089
1089
1089
1094
1094
1094
1094
1094
1094
1097
1097
1099
1099
1099
1099
1099
1099
1099
1099
1099
1099
1099
1099
1100
1100
1100
1100
1100
1100
1100
1105
1105
1105
1105
1109
1109
1109
1109
1109
1110
1110
1110
1110
1110
1110
1111
1111
1111
1113
1113
1113
1113
1113
1113
1117
1117
1117
1117
1117
1119
1119
1119
1119
1119
1119
1119
1119
1119
1119
1127
1127
1127
1127
1127
1128
1128
1128
1131
1131
1131
1131
1131
1131
1132
1132
1132
1132
1132
1132
1133
1133
1133
1133
1133
1138
1138
1138
1138
1138
1138
1138
1140
1140
1142
1142
1142
1142
1142
1142
1142
1142
1142
1144
1144
1148
1148
1148
1148
1148
1152
1152
1152
1152
1152
1162
1162
1162
1162
1163
1163
1163
1163
1163
1164
1164
1164
1164
1164
1164
1164
1164
1164
1169
1169
1169
1169
1169
1183
1183
1183
1183
1224
1224
1224
1224
1224
1224
1224
1224
1227
1227
1227
1227
1232
1232
1232
1232
1233
1233
1233
1233
1233
1233
1234
1234
1234
1234
1234
1234
1234
1236
1236
1236
1236
1236
1236
1238
1238
1238
1244
1244
1244
1244
1244
1244
1245
1245
1245
1245
1249
1249
1249
1249
1249
1249
1249
1249
1249
1249
1249
1249
1251
1251
1251
1251
1251
1251
1252
1252
1252
1252
1254
1254
1254
1254
1254
1269
1269
1269
1272
1272
1272
1272
1272
1279
1279
1279
1279
1279
1279
1289
1289
1289
1289
1289
1291
1291
1294
1294
1294
1294
1294
1294
1294
1295
1295
1295
1295
1295
1295
1302
1302
1302
1302
1302
1302
1302
1302
1302
1302
1302
1302
1302
1302
1313
1313
1313
1313
1313
1313
1313
1313
1314
1314
1314
1314
1319
1319
1319
1321
1321
1321
1321
1321
1321
1321
1324
1324
1324
1324
1324
1324
1324
1324
1329
1329
1329
1329
1329
1331
1331
1331
1333
1333
1333
1333
1333
1333
1333
1338
1338
1338
1338
1338
1338
1339
1339
1339
1339
1339
1339
1339
1339
1339
1340
1340
1340
1340
1340
1341
1341
1341
1341
1341
1342
1342
1342
1342
1350
1350
1350
1350
1350
1352
1352
1352
1352
1352
1352
1352
1352
1352
1366
1366
1366
1366
1367
1367
1367
1367
1367
1367
1375
1375
1375
1375
1375
1375
1375
1377
1377
1377
1377
1377
1377
1377
1377
1377
1377
1377
1377
1383
1383
1383
1383
1383
1383
1388
1388
1388
1388
1388
1388
1389
1389
1389
1389
1393
1393
1393
1393
1393
1394
1394
1394
1394
1402
1402
1402
1402
1402
1402
1402
1403
1403
1403
1407
1407
1407
1407
1407
1407
1411
1411
1411
1411
1411
1411
1417
1417
1417
1417
1417
1417
1417
1420
1420
1420
1420
1430
1430
1430
1430
1430
1430
1430
1430
1430
1430
1430
1430
1430
1430
1430
1430
1430
1430
1430
1430
1431
1431
1431
1431
1431
1432
1432
1432
1434
1434
1434
1440
1440
1440
1440
1440
1446
1446
1446
1446
1446
1446
1454
1454
1454
1455
1455
1455
1455
1462
1462
1462
1462
1463
1463
1463
1463
1463
1463
1463
1463
1463
1463
1463
1463
1463
1463
1464
1464
1464
1464
1464
1464
1464
1473
1473
1484
1484
1484
1484
1484
1485
1485
1485
1485
1485
1499
1499
1510
1510
1510
1510
1510
1510
1510
1511
1511
1511
1511
1511
1512
1512
1512
1512
1512
1516
1516
1516
1516
1516
1516
1517
1525
1525
1525
1525
1527
1527
1527
1527
1527
1527
1527
1533
1533
1533
1533
1533
1542
1542
1542
1542
1542
1544
1544
1544
1544
1544
1549
1549
1549
1549
1549
1562
1562
1562
1562
1562
1562
1565
1565
1565
1565
1565
1565
1571
1571
1571
1571
1571
1575
1575
1575
1575
1575
1575
1575
1575
1575
1575
1577
1577
1577
1577
1578
1578
1578
1578
1578
1578
1578
1578
1578
1578
1578
1585
1585
1585
1585
1586
1586
1586
1586
1587
1587
1587
1594
1594
1594
1594
1594
1594
1594
1594
1594
1594
1598
1598
1598
1598
1598
1600
1600
1600
1600
1600
1600
1600
1609
1609
1609
1609
1609
1609
1609
1609
1615
1615
1615
1615
1615
1618
1618
1629
1629
1629
1629
1629
1630
1630
1630
1630
1630
1630
1630
1630
1630
1632
1632
1632
1640
1640
1640
1640
1647
1647
1647
1647
1647
1649
1649
1649
1649
1649
1649
1649
1654
1654
1654
1660
1660
1660
1660
1660
1660
1663
1663
1663
1663
1663
1663
1663
1666
1666
1667
1667
1667
1669
1669
1669
1669
1669
1669
1669
1671
1671
1671
1671
1671
1676
1676
1676
1676
1680
1680
1680
1680
1682
1682
1682
1682
1682
1682
1682
1683
1683
1683
1683
1683
1683
1683
1684
1684
1684
1684
1684
1684
1685
1685
1685
1685
1685
1685
1685
1685
1686
1686
1686
1686
1686
1686
1686
1686
1686
1686
1691
1691
1691
1691
1691
1691
1691
1691
1691
1691
1691
1691
1691
1691
1698
1698
1698
1698
1698
1698
1698
1700
1700
1700
1704
1704
1704
1705
1705
1705
1705
1711
1711
1711
1717
1717
1717
1717
1717
1717
1721
1721
1721
1721
1725
1725
1725
1725
1725
1725
1725
1725
1725
1725
1725
1725
1725
1725
1725
1725
1728
1728
1728
1728
1728
1728
1734
1734
1734
1734
1734
1734
1734
1734
1734
1734
1734
1734
1734
1734
1734
1735
1735
1735
1735
1735
1736
1736
1736
1736
1736
1737
1737
1737
1737
1737
1737
1738
1738
1738
1738
1738
1738
1738
1740
1740
1740
1761
1761
1761
1761
1761
1763
1763
1763
1767
1767
1767
1767
1771
1771
1771
1771
1771
1771
1771
1771
1776
1776
1781
1781
1781
1781
1781
1781
1781
1781
1781
1785
1785
1785
1785
1785
1785
1785
1785
1789
1789
1789
1789
1789
1795
1795
1795
1795
1795
1795
1795
1795
1795
1795
1795
1797
1797
1797
1797
1802
1802
1802
1802
1815
1815
1815
1815
1815
1825
1825
1825
1825
1825
1825
1825
1825
1825
1834
1834
1834
1834
1834
1834
1837
1837
1837
1837
1837
1837
1837
1842
1842
1842
1842
1842
1846
1846
1846
1846
1848
1848
1848
1848
1848
1848
1849
1853
1853
1853
1853
1853
1853
1870
1870
1870
1870
1870
1870
1870
1870
1873
1873
1873
1873
1874
1874
1874
1874
1874
1878
1878
1878
1878
1878
1878
1878
1878
1878
1879
1879
1879
1881
1881
1881
1881
1883
1883
1883
1885
1885
1885
1886
1886
1886
1886
1886
1886
1887
1887
1887
1887
1887
1890
1890
1890
1890
1890
1891
1893
1893
1893
1893
1893
1893
1897
1897
1897
1897
1897
1897
1898
1898
1898
1898
1898
1898
1902
1902
1902
1902
1902
1902
1902
1902
1902
1905
1905
1905
1905
1905
1905
1905
1905
1905
1905
1914
1914
1914
1914
1914
1914
1914
1914
1914
1914
1914
1919
1919
1919
1919
1919
1923
1923
1923
1924
1924
1924
1924
1924
1924
1924
1924
1924
1924
1924
1924
1927
1927
1927
1927
1927
1927
1928
1928
1928
1928
1928
1928
1931
1931
1931
1932
1932
1932
1932
1932
1933
1933
1933
1933
1933
1933
1933
1933
1938
1938
1938
1938
1938
1938
1948
1948
1948
1949
1949
1949
1953
1953
1953
1953
1953
1953
1956
1956
1956
1956
1956
1956
1956
1956
1956
1956
1964
1964
1964
1964
1964
1964
1966
1966
1966
1966
1970
1970
1970
1970
1970
1975
1975
1975
1975
1988
1988
1988
1988
1988
1988
1996
1996
1996
1996
1996
1997
1997
1997
1997
1997
1997
1997
1997
1997
1997
1997
2008
2008
2008
2008
2009
2009
2009
2010
2010
2010
2017
2021
2021
2021
2021
2021
2034
2034
2034
2034
2035
2035
2035
2035
2035
2035
2041
2041
2041
2041
2046
2046
2046
2046
2046
2046
2048
2048
2049
2049
2049
2049
2053
2053
2053
2053
2053
2053
2063
2063
2063
2063
2063
2066
2066
2066
2066
2066
2066
2069
2069
2069
2069
2069
2069
2071
2071
2072
2072
2072
2072
2072
2072
2081
2081
2082
2082
2082
2082
2082
2082
2082
2083
2083
2083
2085
2085
2085
2085
2085
2085
2085
2088
2088
2088
2088
2088
2093
2093
2093
2093
2093
2093
2096
2096
2096
2096
2096
2096
2096
2096
2100
2100
2101
2101
2101
2101
2101
2102
2102
2102
2102
2102
2102
2102
2118
2118
2118
2118
2118
2118
2126
2126
2126
2126
2126
2126
2126
2126
2144
2144
2146
2146
2146
2146
2146
2146
2149
2149
2149
2149
2149
2152
2152
2152
2152
2161
2161
2161
2161
2162
2162
2162
2162
2162
2162
2173
2173
2173
2173
2173
2173
2173
2173
2179
2179
2179
2179
2183
2183
2190
2190
2190
2190
2190
2190
2190
2190
2190
2195
2195
2195
2195
2203
2203
2203
2203
2203
2205
2205
2205
2208
2208
2208
2208
2208
2208
2208
2218
2218
2218
2218
2224
2224
2224
2224
2224
2224
2225
2225
2225
2225
2233
2233
2233
2233
2233
2233
2233
2255
2255
2255
2255
2255
2255
2255
2255
2255
2255
2255
2255
2255
2255
2255
2257
2257
2257
2257
2257
2257
2257
2260
2260
2260
2260
2260
2260
2266
2266
2266
2266
2266
2266
2266
2266
2266
2266
2266
2266
2268
2268
2268
2268
2268
2268
2268
2268
2268
2268
2269
2269
2269
2269
2269
2271
2271
2271
2271
2271
2271
2271
2271
2271
2271
2271
2271
2271
2281
2281
2281
2281
2281
2286
2286
2286
2286
2286
2297
2297
2297
2297
2297
2297
2297
2297
2297
2297
2300
2300
2300
2300
2311
2316
2316
2316
2316
2316
2328
2328
2328
2328
2328
2340
2340
2340
2340
2341
2341
2341
2359
2359
2359
2359
2359
2359
2359
2359
2359
2359
2359
2361
2361
2361
2361
2361
2361
2361
2365
2365
2365
2365
2365
2365
2365
2365
2369
2369
2369
2371
2371
2371
2371
2371
2379
2379
2379
2379
2379
2379
2379
2379
2379
2379
2382
2382
2382
2392
2392
2392
2392
2392
2412
2412
2412
2412
2413
2413
2413
2413
2413
2413
2413
2413
2413
2413
2413
2413
2415
2415
2415
2415
2415
2429
2429
2429
2429
2429
2429
2429
2429
2429
2430
2430
2430
2430
2430
2436
2436
2436
2436
2437
2437
2437
2437
2437
2437
2437
2438
2438
2438
2438
2438
2438
2438
2439
2439
2439
2439
2439
2439
2439
2440
2440
2440
2440
2440
2440
2440
2440
2440
2443
2443
2445
2445
2445
2445
2445
2445
2445
2449
2449
2449
2458
2458
2458
2458
2459
2459
2459
2459
2459
2460
2460
2460
2460
2466
2466
2466
2466
2468
2468
2468
2468
2468
2475
2475
2475
2475
2476
2476
2476
2476
2482
2482
2482
2482
2484
2484
2484
2484
2485
2485
2485
2485
2498
2498
2498
2498
2498
2498
2499
2499
2499
2507
2507
2507
2507
2507
2507
2507
2508
2508
2508
2508
2508
2508
2508
2508
2511
2511
2511
2511
2511
2511
2511
2512
2512
2512
2512
2513
2513
2513
2521
2521
2521
2527
2527
2527
2527
2527
2527
2528
2528
2528
2528
2528
2538
2538
2538
2538
2538
2538
2539
2539
2539
2539
2539
2541
2541
2541
2549
2549
2549
2552
2552
2552
2552
2559
2559
2559
2559
2559
2560
2560
2560
2560
2560
2576
2576
2576
2576
2577
2577
2577
2577
2577
2586
2586
2586
2586
2586
2586
2586
2586
2586
2598
2598
2598
2610
2610
2610
2610
2610
2610
2610
2613
2613
2613
2613
2617
2617
2617
2629
2629
2629
2629
2629
2639
2639
2639
2642
2642
2642
2642
2642
2642
2642
2644
2644
2644
2644
2644
2647
2647
2647
2647
2647
2647
2647
2648
2648
2648
2648
2648
2651
2651
2651
2651
2651
2651
2654
2654
2654
2654
2666
2666
2666
2666
2666
2666
2666
2666
2666
2666
2666
2666
2666
2666
2666
2669
2669
2669
2669
2669
2669
2675
2675
2677
2677
2678
2678
2678
2678
2678
2680
2680
2689
2689
2689
2689
2700
2700
2700
2706
2706
2706
2706
2706
2706
2706
2706
2713
2713
2713
2713
2718
2718
2718
2718
2718
2718
2726
2726
2726
2728
2728
2728
2728
2728
2728
2734
2734
2734
2734
2734
2737
2737
2737
2737
2741
2741
2741
2741
2742
2742
2742
2742
2746
2746
2746
2746
2746
2746
2749
2749
2749
2760
2760
2760
2760
2760
2760
2760
2760
2760
2760
2761
2761
2761
2761
2761
2761
2761
2761
2763
2763
2763
2763
2763
2763
2763
2763
2763
2763
2764
2764
2764
2764
2764
2781
2781
2781
2781
2781
2784
2784
2784
2784
2784
2784
2784
2784
2788
2788
2788
2788
2788
2788
2788
2789
2789
2789
2789
2789
2789
2789
2810
2810
2810
2811
2811
2811
2811
2811
2814
2814
2814
2814
2815
2815
2815
2815
2825
2825
2825
2825
2825
2827
2827
2827
2827
2827
2827
2827
2827
2827
2827
2827
2827
2827
2827
2835
2835
2835
2835
2851
2851
2851
2851
2851
2851
2851
2857
2857
2857
2859
2859
2859
2859
2859
2863
2863
2863
2863
2863
2863
2865
2865
2878
2878
2878
2878
2878
2878
2878
2878
2878
2878
2883
2883
2883
2883
2883
2883
2883
2899
2899
2899
2899
2901
2901
2901
2901
2901
2904
2904
2904
2904
2904
2904
2904
2904
2904
2904
2906
2906
2906
2908
2908
2908
2908
2908
2908
2931
2931
2931
2937
2966
2966
2966
2966
2966
2971
2971
2971
2971
2971
2971
2971
2971
2971
2972
2972
2972
2972
2988
2988
2988
2988
2988
2999
2999
2999
2999
2999
3009
3009
3009
3009
3009
3013
3013
3013
3013
3013
3013
3013
3030
3030
3030
3032
3032
3032
3032
3032
3040
3040
3040
3040
3040
3048
3048
3048
3048
3057
3057
3057
3057
3057
3057
3060
3060
3060
3060
3063
3063
3063
3078
3078
3078
3078
3078
3078
3078
3078
3086
3086
3086
3086
3086
3086
3086
3090
3090
3090
3090
3090
3090
3090
3092
3092
3092
3095
3095
3095
3098
3098
3098
3098
3098
3098
3111
3111
3111
3111
3111
3111
3111
3111
3111
3122
3122
3123
3123
3123
3123
3123
3123
3123
3123
3123
3123
3125
3125
3125
3129
3129
3134
3134
3134
3134
3137
3137
3137
3137
3139
3139
3139
3139
3139
3139
3139
3143
3143
3143
3143
3143
3143
3143
3152
3152
3152
3152
3152
3152
3152
3152
3152
3152
3159
3159
3159
3159
3159
3159
3169
3169
3169
3179
3179
3179
3179
3182
3182
3182
3182
3182
3182
3182
3182
3182
3182
3191
3191
3191
3191
3192
3192
3192
3192
3192
3192
3192
3192
3192
3193
3193
3193
3193
3193
3193
3199
3199
3199
3201
3201
3201
3201
3201
3201
3201
3201
3201
3207
3207
3207
3207
3221
3221
3221
3224
3224
3224
3224
3224
3224
3224
3224
3224
3224
3224
3224
3224
3226
3226
3226
3226
3226
3231
3231
3231
3231
3231
3238
3238
3238
3238
3238
3240
3240
3240
3240
3240
3240
3240
3240
3245
3245
3245
3245
3245
3246
3246
3246
3247
3247
3247
3247
3247
3247
3249
3249
3249
3249
3249
3249
3254
3254
3254
3254
3254
3254
3254
3254
3254
3258
3258
3258
3258
3258
3259
3259
3260
3260
3260
3260
3260
3261
3261
3261
3262
3262
3262
3262
3262
3262
3262
3265
3265
3265
3265
3265
3269
3269
3269
3270
3270
3270
3270
3271
3271
3271
3271
3271
3271
3272
3272
3272
3272
3272
3272
3272
3272
3272
3272
3272
3272
3272
3272
3272
3274
3274
3274
3274
3275
3275
3284
3284
3284
3284
3287
3287
3287
3287
3287
3293
3293
3293
3293
3293
3293
3293
3293
3293
3294
3294
3294
3294
3304
3304
3304
3304
3304
3304
3306
3306
3306
3306
3308
3308
3308
3308
3308
3308
3308
3308
3308
3309
3309
3309
3309
3309
3309
3317
3317
3317
3317
3317
3317
3317
3317
3318
3318
3318
3318
3318
3318
3318
3318
3322
3322
3322
3322
3322
3322
3322
3322
3328
3328
3328
3328
3328
3328
3328
3328
3328
3328
3328
3328
3332
3333
3333
3333
3333
3333
3334
3334
3334
3334
3334
3334
3334
3351
3351
3351
3351
3351
3351
3351
3359
3359
3359
3359
3359
3359
3365
3365
3365
3365
3365
3370
3370
3371
3371
3375
3375
3375
3375
3375
3375
3376
3376
3376
3376
3377
3377
3377
3377
3377
3377
3377
3377
3377
3377
3380
3380
3380
3380
3380
3380
3380
3391
3391
3391
3394
3397
3397
3406
3406
3406
3406
3406
3406
3406
3407
3407
3407
3407
3407
3414
3414
3414
3414
3415
3422
3422
3422
3422
3422
3422
3422
3422
3422
3422
3422
3422
3422
3422
3422
3422
3422
3422
3422
3422
3422
3422
3423
3423
3423
3423
3423
3423
3423
3423
3432
3432
3432
3432
3432
3432
3432
3432
3432
3432
3432
3432
3432
3432
3432
3432
3432
3433
3433
3433
3433
3433
3433
3435
3435
3435
3437
3437
3437
3437
3437
3437
3441
3441
3441
3441
3441
3442
3442
3442
3442
3442
3445
3445
3445
3445
3445
3445
3445
3445
3445
3446
3446
3446
3446
3451
3451
3451
3451
3451
3455
3455
3455
3455
3455
3455
3455
3455
3459
3459
3459
3459
3459
3459
3462
3462
3462
3462
3462
3466
3466
3466
3466
3466
3484
3484
3484
3484
3484
3517
3517
3517
3517
3531
3531
3542
3542
3542
3542
3542
3545
3545
3545
3545
3545
3545
3545
3545
3554
3554
3554
3554
3554
3554
3554
3557
3576
3576
3576
3576
3576
3576
3576
3576
3587
3587
3587
3587
3587
3587
3587
3590
3590
3590
3590
3591
3591
3591
3591
3591
3591
3591
3595
3595
3595
3595
3595
3611
3616
3623
3623
3627
3627
3627
3627
3627
3627
3636
3636
3636
3636
3636
3636
3636
3640
3640
3640
3640
3647
3647
3647
3647
3648
3648
3648
3648
3648
3648
3648
3654
3654
3654
3654
3654
3654
3673
3673
3673
3673
3673
3681
3681
3681
3681
3681
3681
3683
3683
3683
3683
3683
3689
3689
3689
3689
3692
3692
3692
3697
3697
3697
3697
3697
3697
3697
3697
3705
3705
3707
3707
3707
3707
3707
3707
3707
3707
3707
3711
3711
3711
3711
3719
3719
3719
3719
3719
3726
3726
3726
3726
3726
3726
3734
3734
3734
3734
3734
3734
3734
3734
3734
3744
3744
3744
3744
3744
3752
3752
3752
3752
3764
3764
3764
3766
3766
3766
3766
3769
3769
3769
3769
3769
3769
3772
3772
3772
3772
3772
3772
3783
3783
3783
3783
3783
3783
3783
3789
3789
3789
3789
3789
3789
3789
3789
3789
3789
3798
3798
3798
3798
3798
3798
3798
3800
3800
3800
3800
3800
3815
3815
3815
3815
3815
3826
3826
3826
3826
3830
3830
3830
3830
3830
3832
3832
3832
3832
3832
3841
3841
3841
3841
3841
3841
3847
3847
3847
3850
3850
3857
3857
3857
3868
3868
3868
3870
3870
3870
3870
3885
3885
3885
3885
3885
3885
3885
3885
3896
3896
3896
3896
3896
3896
3896
3896
3896
3900
3900
3900
3900
3900
3900
3900
3902
3902
3902
3902
3902
3907
3907
3907
3907
3907
3922
3922
3926
3926
3927
3927
3927
3927
3927
3930
3930
3930
3930
3930
3930
3936
3936
3936
3936
3948
3948
3948
3954
3954
3958
3958
3958
3958
3958
3958
3958
3958
3969
3969
3969
3969
3969
3969
3969
3983
3983
3983
3983
3983
3986
3986
3986
3986
3988
3988
3988
3988
3988
3988
3988
3988
3988
3993
3993
3993
3993
4021
4021
4021
4021
4021
4021
4021
4021
4025
4025
4025
4025
4039
4039
4039
4039
4042
4042
4042
4042
4042
4049
4049
4049
4049
4053
4053
4053
4055
4055
4055
4055
4055
4055
4055
4060
4060
4060
4060
4061
4061
4061
4067
4067
4067
4067
4067
4067
4067
4067
4067
4071
4071
4071
4071
4071
4086
4086
4086
4086
4086
4090
4090
4090
4106
4106
4106
4106
4109
4109
4109
4109
4109
4112
4112
4112
4112
4112
4112
4112
4112
4116
4116
4116
4116
4116
4120
4120
4120
4120
4126
4126
4126
4126
4126
4126
4126
4132
4132
4132
4132
4136
4136
4138
4138
4138
4138
4138
4138
4138
4138
4146
4146
4146
4147
4147
4147
4147
4147
4147
4150
4150
4150
4150
4150
4154
4154
4154
4154
4154
4154
4157
4157
4157
4157
4157
4157
4157
4157
4162
4162
4162
4162
4162
4165
4165
4170
4170
4170
4170
4170
4172
4172
4172
4172
4173
4173
4173
4173
4173
4174
4174
4174
4174
4174
4174
4185
4185
4185
4185
4185
4185
4187
4187
4187
4187
4187
4187
4190
4190
4190
4190
4190
4191
4191
4191
4191
4191
4191
4191
4191
4191
4200
4200
4200
4200
4200
4200
4200
4200
4202
4202
4202
4202
4205
4205
4205
4205
4205
4205
4210
4210
4210
4210
4210
4210
4210
4210
4210
4213
4213
4213
4214
4214
4214
4214
4214
4214
4216
4216
4216
4216
4217
4217
4217
4217
4217
4217
4227
4227
4227
4227
4227
4234
4234
4234
4234
4234
4234
4236
4236
4236
4236
4236
4236
4237
4237
4237
4237
4238
4238
4238
4238
4238
4238
4240
4240
4240
4240
4240
4240
4240
4240
4242
4242
4242
4242
4242
4253
4253
4253
4253
4253
4253
4253
4253
4253
4253
4253
4253
4263
4263
4268
4268
4268
4268
4268
4268
4268
4278
4278
4278
4278
4278
4298
4298
4298
4298
4298
4306
4306
4306
4310
4310
4310
4315
4315
4315
4315
4315
4315
4315
4317
4317
4317
4317
4317
4329
4329
4329
4329
4329
4329
4329
4329
4331
4331
4331
4331
4331
4331
4334
4334
4334
4334
4334
4334
4334
4344
4344
4344
4344
4345
4356
4356
4356
4356
4380
4380
4380
4380
4380
4380
4384
4384
4384
4384
4384
4385
4385
4385
4385
4385
4385
4385
4386
4386
4386
4386
4386
4388
4388
4388
4388
4388
4388
4390
4390
4390
4390
4390
4390
4390
4390
4390
4390
4390
4390
4405
4405
4405
4406
4406
4406
4406
4406
4411
4411
4411
4411
4414
4414
4414
4414
4415
4415
4415
4415
4415
4415
4415
4419
4419
4419
4419
4419
4421
4421
4421
4421
4421
4421
4421
4424
4424
4424
4424
4426
4426
4426
4426
4426
4429
4429
4429
4429
4431
4431
4431
4431
4431
4431
4431
4436
4436
4436
4436
4436
4436
4445
4445
4445
4446
4446
4446
4446
4452
4452
4452
4452
4452
4452
4452
4452
4452
4457
4457
4457
4457
4457
4457
4457
4457
4457
4462
4462
4465
4465
4465
4465
4465
4465
4465
4465
4465
4465
4465
4465
4470
4470
4470
4470
4481
4481
4481
4481
4481
4497
4497
4499
4499
4499
4499
4509
4509
4509
4509
4509
4509
4516
4516
4516
4528
4528
4528
4530
4530
4530
4530
4530
4530
4530
4542
4542
4542
4542
4554
4554
4554
4554
4554
4554
4555
4555
4555
4555
4568
4568
4568
4568
4568
4568
4575
4575
4575
4575
4575
4575
4575
4576
4576
4578
4578
4578
4578
4578
4578
4585
4585
4585
4585
4585
4585
4585
4595
4595
4595
4595
4602
4602
4602
4602
4602
4602
4602
4602
4606
4606
4606
4610
4610
4610
4610
4610
4610
4617
4617
4617
4617
4617
4617
4617
4617
4617
4620
4620
4620
4620
4620
4620
4620
4620
4620
4620
4627
4627
4627
4627
4627
4627
4627
4627
4628
4628
4628
4646
4646
4646
4646
4646
4646
4646
4647
4647
4654
4654
4654
4654
4654
4654
4657
4657
4657
4658
4658
4658
4658
4674
4674
4675
4675
4675
4675
4675
4675
4675
4678
4678
4678
4678
4678
4679
4679
4679
4679
4679
4679
4679
4681
4681
4681
4681
4681
4681
4681
4684
4684
4684
4684
4686
4686
4686
4686
4686
4686
4686
4687
4687
4687
4687
4687
4687
4689
4689
4689
4689
4692
4692
4692
4692
4692
4693
4693
4693
4693
4705
4705
4705
4705
4705
4705
4705
4705
4705
4707
4707
4707
4707
4707
4707
4714
4714
4714
4715
4715
4715
4715
4715
4715
4715
4715
4720
4720
4720
4720
4720
4720
4720
4720
4722
4722
4722
4722
4722
4728
4728
4728
4728
4728
4730
4730
4730
4730
4732
4732
4734
4734
4734
4734
4734
4734
4734
4734
4746
4746
4746
4746
4746
4746
4746
4746
4746
4746
4746
4746
4746
4750
4750
4750
4750
4750
4750
4750
4752
4752
4752
4752
4752
4752
4752
4752
4753
4753
4753
4753
4753
4753
4753
4753
4753
4758
4758
4763
4763
4763
4773
4773
4773
4778
4778
4778
4778
4778
4778
4786
4786
4786
4786
4786
4786
4786
4786
4790
4790
4790
4790
4798
4798
4798
4798
4798
4798
4808
4808
4808
4808
4808
4808
4808
4808
4815
4815
4815
4815
4840
4840
4840
4840
4851
4851
4851
4851
4851
4857
4857
4857
4857
4857
4857
4858
4858
4858
4858
4858
4859
4859
4859
4859
4859
4859
4865
4865
4865
4866
4866
4866
4866
4866
4866
4882
4882
4882
4882
4884
4884
4884
4884
4884
4884
4884
4891
4891
4891
4895
4895
4895
4895
4895
4901
4901
4901
4905
4905
4905
4905
4905
4905
4905
4905
4908
4908
4908
4908
4908
4910
4910
4910
4910
4922
4922
4922
4922
4922
4922
4922
4930
4930
4930
4930
4930
4930
4930
4932
4932
4932
4932
4932
4932
4932
4932
4932
4933
4933
4933
4933
4933
4933
4938
4938
4938
4938
4938
4938
4939
4939
4939
4939
4939
4939
4939
4939
4947
4947
4947
4947
4947
4947
4947
4954
4954
4954
4966
4966
4966
4966
4979
4979
4979
4979
4979
4991
4991
4991
4997
4997
4997
4997
5000
5000
5000
5000
5000
5000
5000
5017
5017
5017
5017
5017
5017
5017
5021
5021
5021
5021
5025
5025
5025
5025
5025
5026
5026
5028
5028
5028
5028
5028
5028
5028
5032
5032
5032
5032
5032
5032
5040
5040
5040
5040
5043
5043
5043
5043
5043
5043
5043
5043
5048
5048
5048
5050
5050
5050
5050
5050
5061
5061
5061
5061
5061
5061
5061
5061
5061
5061
5061
5061
5071
5071
5071
5071
5071
5074
5074
5074
5074
5074
5074
5085
5085
5085
5085
5085
5085
5092
5092
5093
5093
5093
5093
5097
5097
5097
5100
5100
5100
5100
5100
5100
5100
5103
5103
5103
5103
5103
5103
5103
5132
5132
5132
5140
5140
5140
5140
5140
5140
5144
5144
5144
5144
5144
5144
5144
5146
5146
5146
5146
5146
5148
5148
5148
5148
5157
5157
5157
5157
5157
5157
5158
5158
5158
5168
5168
5168
5168
5177
5177
5177
5191
5191
5191
5191
5191
5191
5191
5196
5196
5196
5196
5196
5199
5199
5201
5201
5201
5201
5201
5202
5202
5202
5202
5223
5223
5223
5223
5223
5223
5231
5231
5231
5231
5231
5231
5231
5231
5231
5234
5234
5234
5234
5234
5234
5239
5239
5239
5239
5239
5239
5239
5239
5239
5240
5240
5240
5247
5247
5247
5247
5247
5248
5248
5248
5248
5253
5253
5253
5253
5253
5253
5259
5259
5259
5259
5259
5259
5259
5259
5259
5259
5261
5261
5261
5261
5261
5266
5266
5266
5266
5270
5270
5270
5270
5273
5273
5279
5279
5279
5279
5280
5280
5280
5280
5280
5280
5280
5292
5292
5292
5292
5292
5296
5296
5296
5296
5296
5296
5296
5296
5296
5296
5296
5296
5296
5296
5303
5303
5303
5303
5303
5303
5303
5303
5303
5317
5317
5317
5317
5317
5317
5330
5330
5330
5330
5330
5330
5330
5330
5330
5330
5331
5331
5331
5336
5336
5336
5336
5336
5336
5336
5343
5343
5343
5343
5343
5343
5343
5343
5348
5348
5348
5348
5354
5354
5354
5354
5363
5363
5381
5381
5381
5381
5385
5385
5385
5385
5385
5385
5385
5390
5390
5393
5393
5393
5393
5393
5393
5397
5397
5397
5429
5429
5429
5430
5430
5430
5430
5430
5430
5430
5436
5436
5436
5436
5451
5451
5451
5451
5462
5462
5465
5465
5465
5465
5468
5468
5468
5468
5483
5483
5483
5483
5483
5487
5487
5487
5487
5487
5487
5487
5487
5497
5497
5497
5500
5500
5500
5500
5500
5502
5502
5502
5502
5502
5502
5506
5506
5508
5508
5508
5508
5509
5509
5509
5509
5509
5509
5509
5509
5509
5509
5509
5509
5509
5509
5509
5513
5513
5513
5521
5521
5521
5521
5521
5521
5521
5521
5521
5526
5526
5526
5526
5532
5532
5532
5532
5532
5532
5532
5532
5532
5533
5533
5533
5533
5533
5533
5533
5539
5539
5539
5539
5539
5539
5540
5540
5540
5540
5540
5548
5548
5548
5548
5548
5548
5549
5549
5549
5549
5552
5552
5552
5552
5552
5552
5552
5552
5553
5553
5553
5554
5554
5554
5554
5560
5560
5560
5560
5560
5560
5560
5561
5561
5561
5561
5561
5561
5561
5561
5561
5563
5563
5563
5569
5569
5569
5569
5569
5581
5581
5581
5581
5584
5584
5584
5584
5588
5588
5588
5588
5588
5588
5588
5594
5594
5594
5594
5594
5594
5594
5594
5598
5598
5598
5598
5598
5598
5598
5627
5627
5627
5627
5627
5627
5645
5645
5645
5645
5645
5645
5645
5656
5656
5656
5656
5656
5663
5663
5663
5663
5663
5663
5670
5670
5670
5670
5670
5670
5671
5671
5671
5675
5675
5675
5680
5680
5680
5680
5680
5680
5680
5680
5680
5680
5685
5685
5685
5685
5685
5685
5693
5693
5693
5693
5693
5693
5693
5694
5694
5694
5694
5694
5694
5694
5695
5695
5695
5695
5695
5700
5700
5700
5700
5717
5717
5728
5728
5735
5735
5735
5735
5744
5744
5744
5744
5744
5758
5758
5758
5786
5786
5786
5786
5798
5814
5814
5814
5829
5829
5829
5829
5829
5829
5829
5829
5829
5831
5831
5831
5831
5831
5834
5838
5838
5838
5838
5838
5844
5844
5844
5852
5852
5852
5853
5853
5853
5861
5861
5861
5861
5861
5861
5861
5862
5862
5864
5864
5864
5864
5872
5872
5872
5872
5874
5874
5874
5874
5874
5878
5878
5878
5878
5888
5888
5888
5888
5888
5893
5893
5893
5897
5897
5897
5897
5898
5898
5898
5898
5898
5898
5902
5902
5902
5902
5902
5902
5902
5914
5914
5914
5916
5916
5916
5916
5916
5916
5916
5928
5928
5928
5928
5928
5928
5928
5928
5928
5928
5930
5930
5930
5930
5930
5930
5942
5942
5942
5942
5942
5947
5947
5947
5947
5947
5947
5953
5953
5953
5953
5953
5953
5953
5956
5956
5956
5956
5956
5956
5958
5958
5958
5958
5958
5958
5967
5967
5967
5967
5967
5967
5967
5967
5967
5974
5974
5974
5974
5976
5976
5976
5976
5976
5979
5979
5979
5979
5979
5979
5992
5992
5992
5992
5992
5992
5994
5994
5994
5994
5997
5997
6002
6002
6002
6002
6002
6002
6006
6006
6006
6006
6006
6006
6006
6006
6009
6009
6009
6009
6014
6014
6014
6014
6020
6020
6020
6020
6022
6022
6022
6022
6024
6024
6024
6025
6025
6025
6025
6025
6032
6032
6032
6032
6035
6035
6035
6035
6036
6036
6036
6036
6036
6040
6040
6040
6053
6053
6053
6053
6058
6058
6058
6059
6059
6059
6059
6059
6059
6059
6066
6066
6066
6066
6073
6073
6073
6073
6077
6077
6077
6077
6077
6083
6083
6083
6083
6086
6086
6086
6086
6086
6086
6089
6089
6089
6089
6089
6091
6101
6101
6101
6101
6101
6101
6101
6102
6102
6102
6102
6102
6102
6107
6107
6107
6107
6107
6107
6107
6112
6112
6112
6112
6112
6115
6115
6115
6115
6115
6115
6115
6116
6116
6116
6116
6116
6116
6116
6116
6117
6117
6117
6122
6122
6122
6122
6123
6123
6123
6123
6123
6123
6133
6133
6137
6137
6137
6137
6137
6139
6139
6139
6143
6143
6143
6144
6144
6144
6144
6144
6145
6145
6145
6145
6145
6149
6149
6149
6149
6149
6149
6149
6149
6149
6149
6149
6149
6150
6150
6150
6150
6150
6150
6150
6155
6155
6155
6155
6155
6163
6163
6163
6163
6163
6163
6163
6163
6163
6163
6186
6186
6186
6186
6186
6196
6196
6196
6212
6212
6212
6212
6212
6212
6219
6219
6219
6219
6219
6219
6220
6220
6220
6220
6220
6220
6221
6221
6221
6221
6221
6225
6225
6225
6225
6225
6246
6246
6246
6246
6246
6246
6246
6260
6260
6260
6260
6261
6261
6261
6261
6261
6265
6265
6265
6265
6265
6265
6266
6266
6273
6273
6273
6273
6273
6273
6273
6273
6273
6275
6275
6275
6277
6277
6277
6277
6277
6277
6277
6280
6280
6280
6280
6280
6280
6281
6281
6286
6286
6286
6286
6292
6292
6292
6292
6292
6292
6307
6307
6307
6307
6307
6307
6308
6311
6311
6311
6311
6311
6311
6320
6320
6320
6320
6320
6320
6321
6321
6321
6321
6321
6321
6321
6321
6323
6323
6323
6323
6323
6323
6324
6324
6324
6324
6324
6324
6324
6324
6329
6329
6329
6329
6329
6329
6329
6329
6329
6329
6329
6336
6336
6336
6336
6336
6336
6336
6337
6337
6337
6345
6345
6345
6345
6350
6350
6350
6350
6351
6351
6351
6351
6351
6351
6351
6351
6351
6351
6359
6359
6374
6374
6374
6374
6374
6374
6374
6383
6383
6383
6383
6387
6387
6387
6387
6401
6401
6405
6405
6405
6405
6405
6405
6405
6411
6411
6411
6411
6432
6432
6432
6435
6435
6435
6435
6435
6436
6436
6436
6436
6436
6445
6445
6445
6445
6459
6459
6459
6459
6471
6471
6471
6490
6490
6490
6490
6511
6511
6511
6511
6511
6513
6513
6513
6513
6520
6520
6520
6520
6532
6532
6532
6532
6534
6534
6534
6534
6534
6537
6537
6537
6537
6537
6537
6537
6537
6539
6539
6539
6539
6539
6539
6539
6543
6543
6543
6543
6543
6543
6543
6543
6543
6543
6543
6543
6547
6547
6547
6547
6547
6547
6547
6547
6554
6554
6554
6554
6554
6557
6557
6557
6557
6557
6557
6557
6559
6559
6559
6559
6559
6559
6569
6569
6571
6571
6571
6571
6574
6574
6574
6575
6575
6575
6597
6597
6597
6610
6610
6610
6610
6610
6610
6610
6631
6631
6631
6631
6631
6631
6631
6639
6639
6639
6639
6645
6645
6645
6645
6645
6645
6645
6645
6645
6645
6645
6645
6645
6645
6649
6649
6649
6649
6649
6649
6649
6653
6653
6653
6653
6653
6653
6653
6658
6658
6658
6658
6689
6689
6689
6689
6689
6691
6691
6691
6691
6691
6691
6691
6691
6692
6692
6692
6692
6698
6698
6698
6698
6698
6698
6698
6698
6707
6707
6707
6707
6707
6712
6712
6715
6715
6715
6715
6715
6715
6715
6716
6716
6716
6716
6716
6716
6732
6732
6732
6732
6732
6737
6737
6737
6743
6743
6743
6743
6743
6753
6753
6753
6753
6753
6754
6754
6754
6754
6754
6754
6759
6759
6759
6759
6764
6764
6764
6764
6764
6764
6764
6764
6764
6780
6780
6780
6780
6780
6781
6781
6781
6781
6781
6781
6784
6784
6784
6794
6794
6794
6794
6794
6794
6795
6795
6798
6798
6798
6808
6808
6808
6808
6808
6808
6808
6808
6808
6808
6808
6824
6824
6824
6825
6825
6825
6825
6825
6829
6829
6829
6835
6835
6835
6835
6835
6837
6837
6837
6837
6837
6837
6842
6842
6842
6847
6847
6847
6847
6847
6847
6847
6847
6847
6852
6852
6852
6853
6853
6853
6853
6853
6853
6853
6853
6859
6859
6859
6859
6859
6859
6864
6864
6864
6864
6864
6864
6872
6872
6872
6872
6872
6879
6879
6879
6879
6879
6879
6879
6891
6891
6891
6891
6891
6891
6891
6891
6891
6896
6896
6896
6896
6896
6897
6897
6897
6897
6897
6897
6897
6897
6897
6903
6903
6903
6903
6903
6903
6907
6907
6907
6907
6907
6907
6907
6907
6917
6917
6917
6917
6917
6917
6922
6922
6922
6922
6922
6922
6922
6940
6940
6940
6940
6940
6941
6941
6941
6941
6941
6941
6951
6951
6951
6951
6951
6951
6953
6957
6957
6957
6957
6957
6957
6957
6966
6966
6966
6966
6966
6967
6967
6968
6968
6968
6968
6968
6976
6976
6976
6976
6976
6976
6976
6976
6984
6984
6986
6986
6986
6989
6989
6989
6990
6990
6994
6994
6994
6994
6994
6994
6994
6994
6994
6994
6994
6994
6994
6994
7002
7002
7002
7002
7002
7003
7003
7003
7003
7003
7004
7004
7004
7015
7015
7015
7015
7031
7031
7031
7031
7039
7039
7039
7039
7039
7041
7041
7041
7041
7042
7042
7042
7042
7043
7043
7043
7043
7043
7063
7063
7063
7067
7067
7067
7067
7067
7067
7073
7073
7073
7073
7073
7073
7073
7080
7080
7080
7092
7092
7092
7092
7093
7093
7093
7093
7093
7099
7099
7099
7099
7099
7099
7109
7109
7109
7115
7115
7124
7124
7124
7125
7125
7125
7130
7132
7132
7132
7134
7134
7134
7134
7150
7150
7150
7150
7151
7151
7151
7151
7151
7151
7151
7154
7154
7154
7154
7154
7154
7154
7154
7154
7154
7154
7154
7154
7156
7156
7156
7156
7156
7162
7162
7166
7166
7166
7171
7171
7171
7171
7171
7171
7188
7188
7188
7188
7188
7191
7191
7191
7191
7191
7197
7197
7197
7197
7197
7210
7210
7210
7211
7211
7211
7211
7217
7217
7217
7217
7217
7217
7218
7218
7218
7218
7223
7223
7223
7223
7227
7227
7227
7227
7227
7227
7227
7228
7228
7228
7228
7229
7229
7229
7229
7229
7240
7240
7240
7245
7245
7246
7246
7248
7248
7248
7248
7249
7253
7253
7253
7253
7253
7253
7253
7253
7253
7254
7254
7254
7254
7254
7254
7268
7268
7268
7268
7268
7269
7269
7276
7276
7276
7276
7276
7276
7276
7277
7277
7277
7277
7277
7277
7277
7278
7278
7278
7284
7284
7284
7284
7284
7284
7296
7296
7296
7296
7296
7296
7296
7298
7298
7298
7298
7298
7302
7302
7302
7302
7305
7305
7305
7305
7305
7306
7306
7306
7306
7306
7306
7306
7306
7306
7308
7308
7308
7308
7308
7308
7308
7309
7309
7309
7309
7317
7317
7317
7318
7318
7318
7318
7318
7318
7318
7318
7319
7319
7319
7319
7319
7319
7319
7319
7319
7321
7321
7321
7321
7321
7321
7321
7321
7321
7321
7321
7325
7325
7325
7330
7330
7330
7330
7330
7336
7336
7336
7336
7336
7341
7341
7341
7343
7343
7343
7343
7357
7357
7357
7357
7365
7365
7365
7365
7366
7366
7366
7366
7366
7366
7366
7366
7366
7366
7366
7366
7368
7368
7368
7368
7370
7370
7370
7370
7375
7375
7378
7378
7378
7379
7379
7379
7379
7382
7382
7382
7382
7382
7385
7385
7385
7385
7387
7387
7387
7387
7387
7392
7392
7392
7392
7392
7392
7392
7392
7397
7397
7397
7397
7397
7397
7397
7397
7402
7402
7402
7402
7402
7411
7411
7411
7411
7424
7424
7424
7424
7424
7424
7424
7424
7424
7424
7424
7424
7424
7430
7430
7430
7430
7430
7430
7430
7430
7435
7435
7435
7438
7438
7438
7438
7438
7438
7438
7438
7439
7439
7439
7439
7442
7442
7442
7442
7442
7442
7442
7442
7445
7445
7445
7445
7445
7445
7445
7445
7445
7445
7445
7445
7445
7445
7445
7445
7445
7448
7448
7448
7448
7448
7448
7448
7456
7456
7456
7456
7456
7456
7456
7456
7456
7456
7467
7467
7467
7472
7472
7472
7479
7479
7479
7482
7482
7482
7482
7482
7484
7484
7484
7484
7484
7484
7484
7484
7484
7484
7485
7485
7485
7485
7485
7485
7491
7491
7491
7491
7491
7491
7491
7491
7491
7491
7491
7491
7499
7499
7499
7499
7499
7499
7509
7509
7509
7509
7518
7518
7518
7518
7518
7518
7518
7518
7518
7518
7518
7521
7521
7525
7525
7525
7525
7525
7525
7525
7525
7525
7525
7525
7525
7543
7543
7543
7543
7543
7544
7544
7546
7546
7546
7546
7547
7547
7547
7547
7547
7547
7547
7547
7547
7547
7547
7547
7549
7549
7549
7549
7549
7549
7549
7549
7549
7549
7549
7549
7549
7549
7550
7550
7550
7550
7554
7554
7554
7554
7554
7556
7556
7556
7556
7556
7556
7556
7561
7561
7561
7561
7561
7564
7564
7564
7574
7574
7574
7574
7579
7579
7579
7579
7579
7579
7580
7580
7580
7580
7580
7584
7584
7584
7588
7588
7588
7588
7588
7588
7588
7590
7590
7590
7590
7590
7590
7592
7592
7592
7592
7592
7592
7592
7592
7596
7596
7600
7600
7600
7600
7600
7620
7620
7620
7620
7620
7620
7624
7624
7635
7635
7635
7635
7635
7635
7638
7638
7638
7638
7638
7638
7638
7638
7638
7638
7638
7638
7638
7645
7645
7645
7645
7645
7645
7645
7645
7648
7648
7648
7648
7648
7652
7652
7652
7652
7652
7652
7653
7653
7653
7653
7664
7664
7664
7678
7678
7678
7678
7678
7678
7678
7685
7685
7688
7688
7688
7688
7688
7688
7688
7688
7692
7692
7692
7692
7692
7692
7704
7704
7704
7704
7704
7706
7706
7706
7713
7713
7713
7713
7713
7713
7715
7715
7723
7723
7723
7725
7725
7725
7725
7725
7734
7734
7734
7734
7734
7734
7740
7740
7740
7740
7754
7754
7754
7754
7754
7754
7763
7763
7763
7763
7763
7763
7763
7763
7770
7770
7770
7770
7770
7770
7770
7773
7773
7773
7773
7773
7773
7781
7781
7781
7781
7781
7781
7781
7785
7785
7785
7785
7785
7798
7798
7798
7798
7798
7798
7810
7810
7810
7810
7816
7816
7816
7816
7816
7819
7819
7819
7821
7821
7821
7821
7821
7821
7821
7821
7821
7821
7821
7840
7840
7840
7840
7840
7840
7840
7840
7847
7847
7847
7849
7849
7849
7849
7854
7854
7854
7854
7854
7854
7854
7854
7854
7872
7872
7872
7885
7885
7894
7894
7894
7894
7894
7894
7896
7896
7896
7896
7896
7896
7899
7899
7899
7899
7901
7901
7901
7901
7901
7904
7904
7904
7904
7904
7904
7904
7904
7905
7905
7905
7905
7907
7907
7907
7907
7917
7917
7917
7917
7917
7917
7933
7933
7933
7933
7933
7933
7933
7933
7936
7936
7936
7936
7937
7937
7937
7937
7949
7949
7951
7952
7963
7963
7963
7963
7963
7978
7978
7978
7978
7978
7978
7978
7978
7978
7978
7982
7982
7982
7982
7982
7991
7991
7991
7991
7991
7991
7991
7995
7995
7995
7995
7995
7995
7995
7999
7999
7999
7999
7999
7999
7999
8005
8005
8007
8007
8007
8007
8007
8011
8011
8011
8011
8011
8011
8011
8029
8029
8029
8029
8029
8029
8029
8029
8029
8030
8030
8030
8030
8030
8030
8030
8030
8030
8031
8031
8031
8031
8031
8032
8032
8032
8032
8032
8032
8038
8038
8038
8038
8038
8059
8059
8059
8059
8059
8059
8059
8059
8062
8062
8062
8062
8062
8074
8074
8074
8074
8074
8074
8084
8084
8084
8084
8091
8091
8091
8091
8091
8091
8091
8091
8091
8091
8091
8095
8095
8095
8095
8095
8096
8096
8096
8096
8096
8108
8108
8108
8108
8108
8108
8108
8108
8119
8119
8119
8120
8120
8120
8120
8120
8120
8126
8126
8126
8126
8126
8130
8130
8130
8130
8130
8137
8137
8137
8137
8137
8140
8140
8140
8140
8140
8140
8140
8140
8140
8147
8147
8147
8147
8147
8151
8151
8151
8151
8151
8151
8163
8163
8163
8163
8163
8163
8164
8164
8164
8164
8170
8170
8170
8170
8170
8170
8170
8172
8172
8172
8172
8172
8172
8172
8177
8177
8177
8177
8177
8177
8177
8177
8179
8179
8179
8179
8179
8179
8179
8179
8179
8179
8190
8190
8190
8199
8199
8199
8209
8209
8209
8212
8212
8212
8212
8212
8212
8215
8215
8215
8215
8215
8215
8219
8223
8223
8223
8223
8231
8231
8231
8231
8231
8235
8235
8235
8235
8235
8237
8237
8237
8237
8238
8238
8238
8238
8238
8238
8246
8246
8246
8246
8246
8246
8246
8246
8248
8248
8248
8248
8248
8261
8261
8261
8261
8261
8261
8261
8261
8261
8261
8261
8261
8261
8272
8272
8272
8272
8273
8273
8273
8273
8273
8280
8280
8280
8280
8282
8282
8282
8282
8283
8283
8283
8283
8289
8293
8293
8293
8293
8293
8294
8300
8300
8300
8300
8300
8319
8319
8319
8319
8319
8322
8322
8322
8322
8322
8344
8344
8344
8346
8346
8346
8346
8346
8346
8346
8351
8351
8351
8351
8351
8353
8353
8353
8353
8353
8353
8353
8353
8370
8370
8370
8370
8370
8370
8370
8370
8371
8371
8371
8371
8371
8371
8373
8373
8373
8373
8373
8373
8373
8376
8376
8376
8384
8384
8384
8384
8384
8386
8386
8386
8386
8386
8386
8386
8386
8388
8388
8388
8389
8389
8389
8389
8389
8389
8389
8389
8389
8396
8396
8396
8396
8396
8402
8402
8402
8402
8402
8407
8407
8407
8407
8408
8408
8408
8415
8415
8420
8420
8420
8420
8423
8423
8423
8423
8423
8433
8433
8433
8433
8452
8452
8452
8452
8452
8452
8452
8452
8452
8466
8466
8466
8466
8466
8473
8473
8473
8473
8473
8473
8473
8473
8473
8473
8486
8486
8486
8490
8495
8495
8495
8495
8495
8501
8501
8501
8501
8501
8501
8501
8501
8501
8507
8507
8514
8514
8518
8518
8518
8518
8518
8518
8520
8520
8520
8520
8520
8520
8526
8526
8526
8526
8526
8526
8526
8536
8536
8541
8541
8541
8541
8541
8541
8541
8541
8541
8541
8541
8545
8545
8545
8545
8562
8562
8562
8562
8564
8564
8564
8576
8576
8576
8576
8576
8576
8580
8580
8580
8580
8580
8580
8598
8598
8598
8598
8598
8599
8599
8599
8599
8600
8600
8600
8600
8600
8600
8600
8600
8600
8600
8600
8600
8600
8600
8600
8603
8603
8603
8611
8611
8611
8611
8611
8611
8611
8611
8615
8615
8615
8615
8615
8615
8615
8615
8615
8618
8618
8618
8618
8618
8618
8628
8628
8628
8628
8628
8630
8630
8636
8636
8641
8641
8641
8646
8646
8646
8646
8646
8646
8647
8647
8647
8647
8647
8647
8647
8647
8647
8649
8649
8649
8649
8649
8649
8649
8666
8666
8666
8666
8666
8666
8666
8666
8666
8666
8667
8667
8667
8667
8667
8667
8667
8667
8667
8667
8667
8672
8672
8683
8683
8683
8683
8687
8687
8687
8687
8687
8687
8687
8688
8688
8688
8688
8688
8688
8688
8688
8688
8688
8690
8690
8690
8690
8690
8690
8690
8690
8690
8690
8690
8690
8706
8706
8706
8706
8706
8706
8706
8706
8706
8706
8706
8706
8706
8706
8706
8708
8708
8708
8708
8710
8710
8710
8710
8710
8713
8717
8717
8717
8717
8717
8717
8724
8724
8724
8732
8732
8732
8732
8732
8732
8732
8738
8738
8738
8738
8748
8748
8748
8748
8748
8748
8748
8748
8750
8750
8750
8750
8750
8750
8757
8757
8757
8758
8758
8758
8758
8758
8764
8764
8764
8764
8767
8767
8772
8772
8772
8772
8776
8776
8776
8776
8776
8776
8776
8777
8777
8777
8777
8777
8779
8779
8779
8779
8779
8779
8779
8779
8781
8781
8781
8781
8781
8781
8785
8785
8785
8785
8785
8786
8786
8786
8790
8790
8790
8797
8797
8797
8797
8797
8797
8797
8797
8797
8800
8800
8800
8800
8800
8800
8800
8806
8806
8806
8806
8806
8806
8807
8807
8807
8807
8807
8807
8807
8807
8810
8810
8810
8810
8810
8810
8810
8810
8819
8819
8819
8819
8819
8819
8819
8822
8822
8826
8826
8826
8827
8827
8827
8827
8827
8827
8827
8827
8827
8834
8834
8834
8837
8837
8837
8837
8837
8837
8862
8862
8862
8862
8862
8862
8862
8865
8865
8865
8865
8865
8867
8867
8867
8867
8867
8868
8868
8868
8872
8872
8872
8880
8880
8880
8880
8880
8880
8880
8880
8880
8880
8880
8885
8885
8885
8885
8885
8885
8885
8885
8885
8895
8895
8895
8903
8903
8903
8903
8927
8927
8927
8927
8927
8927
8937
8937
8937
8937
8937
8937
8937
8939
8939
8939
8939
8939
8939
8939
8940
8940
8940
8940
8940
8940
8940
8940
8940
8959
8959
8959
8959
8959
8959
8959
8959
8959
8959
8959
8959
8972
8972
8972
8973
8973
8973
8973
8973
8973
8973
8973
8973
8975
8975
8978
8978
8978
8978
8978
8978
8979
8979
8979
8979
8982
8982
8982
8984
8984
8984
8984
8984
8984
8989
8989
8989
8989
8989
8989
8989
8992
8992
8992
8992
8997
8997
8997
9013
9013
9013
9013
9013
9013
9021
9021
9021
9021
9021
9021
9021
9021
9021
9021
9033
9033
9033
9033
9033
9033
9034
9034
9034
9034
9034
9053
9053
9053
9053
9054
9054
9054
9054
9054
9064
9064
9064
9064
9064
9064
9071
9071
9071
9081
9081
9081
9089
9089
9089
9089
9089
9101
9101
9101
9101
9101
9101
9101
9110
9110
9110
9110
9110
9110
9110
9113
9113
9113
9113
9113
9113
9113
9119
9119
9123
9123
9123
9123
9123
9123
9123
9123
9123
9127
9127
9127
9127
9132
9132
9132
9132
9132
9132
9132
9132
9132
9132
9132
9132
9132
9132
9135
9135
9135
9135
9135
9135
9135
9135
9135
9135
9135
9140
9140
9140
9140
9140
9145
9145
9146
9146
9146
9146
9146
9147
9147
9147
9147
9155
9155
9155
9155
9155
9155
9155
9156
9156
9156
9156
9156
9156
9156
9156
9156
9163
9163
9163
9163
9163
9163
9163
9164
9164
9164
9166
9166
9166
9166
9166
9169
9169
9169
9169
9174
9174
9174
9174
9174
9174
9174
9175
9175
9175
9175
9175
9175
9175
9175
9175
9175
9175
9175
9180
9180
9180
9180
9187
9187
9187
9187
9187
9187
9189
9189
9189
9189
9189
9189
9189
9189
9189
9192
9195
9201
9201
9201
9201
9201
9201
9201
9203
9203
9203
9203
9203
9217
9217
9217
9217
9217
9217
9221
9221
9222
9222
9222
9222
9222
9222
9222
9222
9224
9224
9224
9224
9224
9224
9225
9225
9225
9225
9225
9225
9225
9225
9225
9231
9231
9231
9231
9231
9231
9231
9231
9232
9232
9232
9232
9232
9232
9232
9240
9240
9240
9240
9240
9240
9240
9240
9257
9257
9257
9257
9257
9257
9257
9257
9258
9258
9258
9259
9259
9259
9259
9259
9264
9264
9264
9264
9264
9264
9273
9273
9273
9283
9283
9283
9283
9283
9283
9283
9283
9283
9286
9286
9286
9286
9286
9286
9286
9286
9289
9289
9289
9289
9289
9289
9295
9295
9295
9295
9295
9295
9311
9311
9311
9311
9318
9318
9318
9318
9330
9330
9330
9330
9330
9340
9340
9340
9340
9340
9340
9340
9340
9344
9344
9344
9344
9344
9347
9347
9347
9347
9347
9347
9347
9362
9362
9362
9362
9362
9362
9362
9362
9366
9366
9366
9366
9374
9374
9381
9381
9381
9381
9381
9381
9382
9382
9382
9382
9384
9384
9384
9384
9384
9384
9384
9384
9384
9389
9389
9389
9391
9391
9391
9391
9391
9391
9391
9391
9391
9393
9393
9393
9393
9393
9393
9393
9393
9393
9396
9396
9397
9397
9397
9397
9397
9405
9405
9405
9405
9405
9414
9414
9414
9414
9414
9433
9433
9433
9435
9435
9435
9435
9437
9437
9437
9437
9437
9437
9437
9440
9440
9440
9440
9440
9457
9457
9457
9457
9457
9457
9459
9459
9459
9459
9459
9459
9459
9459
9459
9474
9474
9474
9474
9474
9474
9474
9474
9480
9480
9480
9480
9480
9484
9484
9484
9485
9485
9485
9485
9486
9486
9486
9486
9486
9486
9486
9492
9492
9492
9492
9492
9509
9509
9509
9525
9525
9525
9525
9525
9535
9535
9535
9535
9538
9538
9538
9538
9538
9538
9538
9548
9548
9548
9548
9548
9548
9548
9555
9555
9556
9556
9572
9572
9572
9572
9572
9576
9576
9576
9576
9576
9576
9576
9579
9579
9579
9579
9579
9579
9579
9579
9580
9580
9580
9580
9580
9580
9585
9585
9585
9585
9589
9589
9589
9589
9591
9591
9591
9591
9591
9591
9591
9591
9602
9602
9602
9602
9602
9602
9602
9602
9602
9602
9607
9607
9610
9610
9610
9610
9610
9610
9610
9622
9622
9622
9622
9622
9624
9624
9624
9624
9626
9626
9626
9626
9626
9626
9626
9639
9639
9639
9639
9639
9644
9644
9650
9650
9650
9650
9650
9650
9650
9659
9659
9659
9659
9660
9660
9660
9660
9660
9660
9660
9660
9661
9661
9661
9661
9661
9671
9671
9671
9671
9671
9671
9696
9696
9696
9696
9696
9698
9698
9698
9698
9698
9698
9698
9698
9698
9698
9699
9699
9699
9699
9699
9699
9700
9700
9700
9700
9702
9702
9702
9702
9702
9716
9716
9716
9716
9716
9716
9718
9718
9721
9721
9721
9721
9721
9721
9721
9721
9730
9730
9730
9777
9777
9777
9777
9777
9792
9792
9792
9798
9798
9798
9798
9798
9800
9800
9800
9800
9800
9801
9801
9801
9801
9801
9801
9801
9807
9807
9807
9807
9807
9807
9807
9807
9807
9807
9810
9810
9810
9810
9820
9820
9820
9820
9820
9820
9820
9820
9820
9820
9820
9820
9820
9823
9823
9823
9823
9823
9823
9823
9823
9823
9828
9828
9828
9828
9830
9830
9830
9830
9830
9834
9834
9834
9834
9834
9834
9834
9834
9837
9837
9837
9837
9837
9837
9838
9838
9838
9838
9838
9844
9844
9844
9844
9844
9844
9844
9849
9849
9849
9849
9849
9857
9857
9857
9857
9857
9857
9863
9863
9863
9863
9863
9863
9873
9873
9873
9873
9873
9875
9875
9875
9875
9879
9879
9879
9880
9880
9880
9880
9880
9881
9881
9881
9881
9897
9897
9897
9897
9902
9902
9902
9902
9902
9902
9902
9924
9924
9924
9924
9924
9929
9929
9938
9938
9938
9938
9938
9938
9938
9938
9938
9945
9945
9945
9945
9945
9945
9953
9953
9953
9953
9957
9957
9958
9958
9958
9958
9958
9958
9971
9971
9971
9971
9971
9971
9971
9971
9971
9975
9975
9975
9975
9975
9975
9975
9975
9979
9979
9979
9979
9981
9981
9981
9981
9981
9981
9981
9981
9981
9981
9981
9983
9983
9983
9983
9986
9986
9986
9986
9986
9986
9991
9991
9991
9991
9991
9991
9991
9991
9991