1
2
3
4
5
6
7
7
8
10
11
12
13
14
16
17
18
19
19
20
22
23
23
23
25
26
28
28
29
29
29
31
32
33
34
34
35
37
38
40
41
43
44
46
47
49
50
51
51
52
52
52
53
53
54
55
55
56
58
58
59
60
61
62
64
65
67
68
70
71
73
74
76
77
77
78
79
79
80
82
82
83
85
86
88
89
91
91
92
94
95
97
97
98
99
100
101
103
103
103
104
106
107
107
108
108
109
110
110
110
112
113
115
115
116
116
118
119
121
121
121
122
123
123
124
124
125
127
128
129
130
131
133
134
136
137
138
138
139
140
141
142
143
145
146
147
148
149
149
149
151
152
154
155
155
156
157
157
158
160
160
160
161
161
163
164
166
167
167
169
170
170
172
172
173
175
176
177
178
178
179
179
181
181
182
184
185
185
186
187
188
189
190
191
192
193
194
196
197
197
197
198
199
200
202
202
203
205
206
206
208
208
209
211
212
214
215
216
217
218
220
221
222
223
223
224
224
226
226
227
228
229
229
230
230
231
232
233
235
235
236
236
238
238
239
241
242
244
245
247
248
248
249
250
251
251
253
254
256
257
258
258
258
259
259
260
260
262
263
265
266
268
269
271
272
274
275
277
278
279
280
281
281
282
283
283
284
285
286
287
288
289
289
289
290
292
293
295
295
296
298
299
299
299
301
302
304
305
307
307
308
310
310
310
311
313
314
316
317
319
320
320
321
322
322
322
323
325
325
326
326
328
329
330
331
331
332
334
335
337
337
337
337
338
340
340
340
341
343
343
344
346
346
346
347
347
348
349
350
351
352
353
355
356
358
359
361
362
363
364
365
367
368
368
369
370
370
371
371
372
373
374
376
377
379
380
382
383
383
385
386
386
387
388
389
391
392
394
395
397
398
400
401
402
403
404
406
407
409
410
411
412
413
415
416
417
418
419
420
421
422
423
424
425
425
426
427
427
428
429
430
431
433
433
433
434
436
436
437
439
439
440
440
441
442
443
443
445
446
447
447
448
449
451
452
453
454
454
455
457
458
459
460
461
463
464
466
466
467
468
469
470
470
472
473
473
475
475
476
478
478
479
479
480
481
481
482
484
484
485
485
487
488
488
490
491
491
493
494
496
497
499
500
500
502
503
505
506
507
508
509
509
510
511
512
513
514
515
515
517
518
519
520
520
521
523
524
524
526
527
527
528
529
530
530
530
531
532
532
533
533
534
535
536
538
539
541
542
544
545
546
547
548
548
550
550
551
553
554
554
556
556
557
559
560
562
563
565
566
568
569
570
571
572
572
574
575
575
575
576
577
578
578
580
581
581
583
584
586
586
586
587
587
589
589
590
590
592
593
595
596
596
596
597
598
599
601
602
604
605
605
607
608
610
611
613
613
613
614
615
616
617
617
618
619
620
620
622
623
623
625
626
628
629
629
631
632
632
632
634
635
637
638
640
641
641
643
643
644
645
646
647
648
649
650
651
652
653
655
655
656
657
658
659
661
662
664
665
665
667
668
670
670
670
671
673
674
675
676
677
677
677
677
678
679
680
680
682
683
685
685
686
688
689
691
691
691
692
694
695
697
697
697
698
698
699
700
701
703
703
704
704
705
705
706
707
708
708
709
710
712
713
715
716
717
718
719
721
722
724
724
725
725
725
727
728
730
731
733
734
734
736
737
739
739
740
742
742
742
743
745
746
748
748
749
750
751
751
752
753
754
755
757
757
758
760
760
761
763
763
763
764
766
767
769
769
770
770
771
771
772
773
775
776
777
778
779
781
782
782
783
784
785
785
786
787
788
788
790
791
791
793
793
794
794
796
797
798
799
800
800
801
802
803
805
806
806
808
809
811
812
812
814
815
817
818
820
821
823
824
826
826
826
827
827
829
830
832
833
835
836
838
839
841
842
842
844
845
846
847
848
850
851
852
853
853
854
856
857
859
860
861
862
863
865
865
865
866
868
868
869
869
871
871
872
874
874
875
875
877
878
880
880
881
883
884
886
887
889
890
892
892
892
893
894
895
896
898
899
901
902
904
904
905
907
908
910
911
911
912
913
914
914
916
916
917
917
919
920
920
921
922
923
923
925
926
927
928
928
929
931
932
934
935
936
937
938
940
941
943
944
945
946
946
947
947
947
949
950
950
952
952
953
955
955
956
956
958
959
961
962
962
964
965
967
968
969
970
970
971
973
974
976
977
977
977
979
979
980
982
983
983
984
985
986
986
987
988
989
990
991
991
992
992
993
994
995
997
998
999