5
5
15
15
15
18
18
18
18
18
18
18
20
20
20
21
21
21
21
21
28
28
28
30
30
30
30
30
30
36
36
36
36
47
47
47
47
47
47
48
51
51
51
51
51
59
59
59
59
59
59
59
60
60
60
60
60
82
82
82
82
84
84
88
88
88
88
88
88
96
96
96
96
96
96
104
104
104
110
110
110
110
118
118
118
129
129
129
129
129
129
129
129
129
130
130
130
130
130
139
139
139
139
144
144
144
144
144
150
150
150
150
150
150
150
150
160
160
160
160
160
161
161
161
161
161
162
162
162
162
162
165
165
165
165
165
165
166
166
166
166
166
166
166
166
166
168
168
168
168
168
168
168
168
179
179
179
188
193
193
193
193
197
197
197
197
197
197
197
197
197
197
203
203
203
205
205
205
205
205
205
205
205
209
209
209
209
211
211
211
214
215
215
215
215
215
215
215
215
216
216
216
225
226
226
226
226
226
226
226
226
234
234
234
234
234
234
234
248
251
251
251
251
251
252
252
252
252
252
252
256
256
258
258
265
265
265
265
265
265
266
266
266
266
266
266
267
267
267
269
269
269
269
269
272
272
272
272
274
274
274
274
274
274
276
276
276
276
291
291
291
291
291
291
292
292
300
300
300
300
303
303
303
304
304
304
304
304
304
305
305
305
305
305
305
305
305
305
305
305
305
305
305
309
309
309
309
309
339
339
339
339
339
339
345
345
345
345
345
345
345
345
345
345
348
348
348
348
352
352
352
352
352
352
359
359
359
359
359
359
359
359
359
384
384
384
386
386
386
386
386
386
390
390
390
390
390
396
396
396
396
396
396
396
396
396
399
399
399
399
399
399
399
414
414
414
414
414
414
414
414
414
417
417
417
417
417
417
421
421
421
421
421
421
427
427
427
427
427
432
432
432
432
437
437
437
441
441
441
441
441
441
441
443
443
443
443
443
444
444
444
448
448
448
448
448
458
458
459
459
459
459
459
459
460
460
460
460
460
460
460
460
461
461
461
461
461
461
465
465
465
465
465
468
468
468
468
468
468
468
468
468
468
468
470
470
470
470
470
470
470
470
470
470
481
481
481
481
488
495
495
495
495
495
495
498
498
498
502
502
502
510
510
510
510
510
510
510
510
510
510
510
510
519
519
519
519
520
520
520
520
520
524
524
524
524
524
524
524
527
527
527
527
533
533
533
533
533
533
533
533
533
533
533
534
534
534
534
534
534
534
534
534
534
535
535
535
540
540
540
540
540
540
540
540
540
544
544
544
544
544
544
544
544
544
544
545
545
545
545
545
559
559
559
559
559
568
568
568
579
579
579
579
579
579
579
579
580
580
580
584
584
584
587
587
601
601
601
601
601
601
601
601
601
630
630
630
630
630
644
644
644
658
658
658
659
659
659
659
659
660
660
660
661
661
661
661
661
661
661
661
661
661
661
672
672
672
672
672
672
672
672
678
678
678
678
678
678
679
679
679
679
680
680
680
680
680
680
680
680
681
681
681
681
681
681
681
681
681
681
681
685
685
685
685
685
685
685
687
687
687
687
687
687
687
687
698
698
698
702
702
702
702
702
702
703
703
703
703
703
732
732
732
732
732
737
737
747
747
747
747
752
752
752
759
759
759
759
762
762
762
767
767
767
767
767
767
767
769
769
769
775
775
775
775
775
775
775
775
775
783
783
783
783
783
783
796
796
796
796
796
796
796
796
796
802
802
802
802
802
809
809
809
809
809
823
823
823
823
823
823
823
823
823
823
832
832
834
834
834
834
834
834
840
840
840
840
840
840
841
841
841
841
841
842
842
842
842
842
842
853
853
853
853
854
854
854
854
857
857
857
857
869
869
869
869
869
869
869
882
882
883
883
883
883
883
884
884
884
884
884
884
886
886
886
886
905
908
908
908
908
908
911
911
911
911
911
911
917
917
917
917
936
936
936
936
936
936
936
936
936
936
937
937
942
942
942
942
943
943
943
943
943
944
944
944
944
944
944
944
944
944
944
945
945
945
945
945
948
948
948
948
948
948
948
948
952
952
952
952
952
952
952
952
952
952
952
952
952
952
961
961
961
961
961
961
961
961
961
969
969
969
969
969
969
969
969
971
971
971
971
971
971
971
971
973
973
973
973
973
976
976
976
976
976
976
976
976
976
976
976
976
976
976
985
985
985
985
985
985
985
988
988
988
988
988
988
988
995
995
995
995
997
997
997
997
997
997
997
997
997
999
999
999
999
999
999
999
999
999
999
999
999
999
999
999
999
999
999
999