0
1
2
2
3
3
3
3
6
8
9
9
9
10
11
12
13
13
14
15
15
16
16
17
17
17
18
19
19
19
21
21
22
25
25
28
28
30
30
30
34
34
37
39
40
40
41
42
42
43
48
48
49
49
50
51
52
54
61
62
63
68
69
70
70
70
70
70
70
71
72
72
72
73
74
74
75
75
76
77
78
81
81
83
83
83
83
84
85
85
85
86
87
88
90
91
92
93
93
96
96
96
99
100
102
102
102
104
105
105
107
107
108
108
108
110
111
112
113
116
118
119
119
120
120
121
123
125
131
131
131
132
133
134
134
136
136
138
138
140
142
142
142
143
144
145
147
147
148
150
153
153
157
160
161
161
161
163
164
164
165
167
173
173
173
174
175
175
176
176
177
177
179
180
182
183
184
185
186
186
186
188
189
189
190
190
191
192
195
198
198
199
201
202
204
206
209
210
210
210
211
211
213
214
215
219
221
222
227
228
228
229
230
232
234
234
234
236
237
241
242
243
244
244
247
247
247
248
249
250
251
252
255
255
255
257
260
260
262
262
263
263
264
265
267
270
270
271
274
275
275
277
277
278
279
282
282
283
286
287
287
287
288
290
290
291
291
296
296
297
298
300
301
302
304
305
306
307
307
308
309
309
309
311
311
311
319
319
320
320
322
322
324
324
325
325
325
326
327
327
327
328
333
334
336
336
337
339
339
340
342
344
344
344
344
345
345
346
346
346
347
348
348
348
348
351
351
352
353
354
355
355
359
361
362
362
364
365
366
367
368
368
369
370
371
372
374
374
375
375
376
377
381
383
384
385
386
390
390
391
392
392
393
393
394
394
396
396
397
399
400
402
403
404
405
407
409
409
411
413
413
414
415
417
418
418
420
420
421
422
423
423
423
423
424
425
425
425
426
426
427
427
428
429
429
430
430
432
433
434
434
435
435
436
436
437
437
437
438
438
438
440
440
441
441
443
445
446
446
447
447
447
447
448
448
452
452
453
453
456
458
459
460
460
462
462
464
465
465
466
467
467
467
468
469
469
469
471
473
475
477
477
478
479
481
482
483
483
484
485
485
485
489
490
494
494
496
496
497
497
497
498
499
501
501
502
504
505
506
507
507
508
508
508
510
510
511
511
511
511
512
512
514
516
518
520
522
523
527
529
531
532
533
534
534
535
536
537
538
538
541
543
543
544
546
546
547
549
550
550
551
551
552
552
553
553
553
554
556
556
556
556
558
561
561
562
562
563
563
566
566
567
568
568
569
570
571
572
572
573
573
574
574
574
574
574
574
575
575
575
576
579
580
580
581
582
584
584
585
586
586
587
589
589
590
591
591
591
592
594
594
595
596
599
600
600
601
601
605
606
607
607
609
609
609
609
611
612
615
617
617
617
618
618
620
621
621
621
622
623
627
628
628
629
630
630
634
634
635
636
637
638
642
644
645
646
648
648
648
648
649
650
650
651
655
656
656
656
657
659
660
662
663
664
665
665
666
666
667
668
668
669
669
670
670
670
671
675
675
675
677
681
682
683
683
683
684
684
685
685
687
687
692
693
694
695
697
697
697
698
699
701
703
707
708
708
710
712
715
715
715
717
717
718
720
720
722
722
723
728
728
729
730
731
731
732
733
733
735
736
736
737
739
739
739
739
739
740
740
742
743
747
748
748
751
755
756
756
756
757
758
758
760
760
761
761
761
765
766
766
766
766
768
768
768
769
771
771
771
772
773
774
774
775
778
778
779
779
780
780
781
782
782
786
788
789
790
790
792
793
795
796
796
798
799
800
801
801
803
803
804
807
810
811
812
814
817
817
818
819
820
820
823
824
824
825
826
826
828
830
831
831
833
834
835
835
835
836
839
841
842
842
843
844
845
846
847
848
849
849
850
850
852
853
854
854
854
854
855
856
858
860
861
862
862
868
869
869
870
870
871
871
872
873
873
875
875
876
876
876
876
877
880
881
881
882
885
885
885
887
887
887
889
889
891
894
894
895
896
896
896
898
898
898
899
901
901
903
903
903
904
904
905
906
906
906
907
909
909
912
913
913
914
916
916
916
917
918
918
919
920
920
924
926
926
930
930
931
932
933
935
936
936
936
937
937
940
940
942
944
944
945
945
946
946
947
948
949
952
953
953
956
956
959
959
960
960
962
962
962
962
963
963
964
964
964
966
966
967
967
968
968
969
969
970
971
972
974
975
975
975
976
977
978
978
979
980
980
980
981
981
983
985
985
985
985
986
986
988
989
991
992
993
993
993
994
994
994
995
996