437
883
130
948
571
296
718
599
913
192
255
231
314
757
2
139
71
378
168
911
53
8
683
919
169
842
337
107
874
603
349
691
374
455
386
949
311
455
313
765
351
585
373
580
354
688
741
588
748
391
410
786
531
268
273
285
901
811
971
191
492
287
971
738
585
344
704
932
832
410
436
310
379
635
860
353
625
951
16
354
136
207
901
712
832
287
978
595
706
311
520
223
713
749
206
897
368
784
971
426
509
296
637
770
580
780
514
719
46
140
549
325
764
969
707
920
990
1
950
48
481
311
41
460
497
995
62
803
715
758
661
134
726
849
205
706
930
750
416
485
922
606
866
415
318
732
474
283
45
411
612
565
817
228
478
262
419
330
50
646
776
466
436
865
716
100
396
934
102
415
838
868
796
605
232
93
185
306
811
312
116
347
126
625
2
692
127
932
295
659
420
642
169
555
9
835
253
683
274
597
231
633
635
187
292
457
111
18
442
714
606
464
867
778
386
733
485
17
636
879
557
948
154
960
669
891
748
667
124
829
335
560
845
242
17
475
115
778
6
708
563
892
171
762
42
433
25
649
873
34
76
686
878
767
973
400
213
785
604
394
726
602
114
710
169
764
614
636
975
88
158
635
715
528
633
479
394
174
179
692
238
255
336
346
545
282
868
177
200
533
187
687
5
130
580
264
586
166
875
445
667
203
8
368
995
758
778
687
289
699
719
135
813
639
192
954
622
727
569
140
190
111
455
91
912
910
741
157
176
704
368
623
292
771
34
195
194
702
508
169
570
535
23
113
757
364
772
783
718
933
234
552
671
248
721
93
15
268
341
118
716
242
317
761
732
40
684
427
32
392
312
349
458
506
433
947
694
821
92
281
751
795
369
6
828
582
185
286
659
829
860
899
140
932
994
92
946
91
144
168
621
613
333
293
955
107
566
52
640
386
519
999
724
347
372
654
772
506
399
974
963
585
513
507
547
838
862
23
438
834
636
316
306
827
301
934
604
828
238
333
540
115
543
666
410
148
451
599
7
92
34
260
664
897
254
511
494
776
970
835
25
550
50
485
54
19
830
923
262
60
73
717
801
280
770
881
131
358
16
738
38
165
651
264
272
883
73
966
471
10
718
216
834
48
80
619
833
550
890
241
328
259
358
157
224
138
697
421
54
505
745
294
224
459
394
139
77
801
626
721
357
716
394
29
1
270
390
383
700
298
335
51
282
713
191
397
303
855
867
701
892
181
824
675
389
464
527
285
447
505
611
647
264
127
406
242
47
458
382
768
246
361
605
151
148
774
98
436
232
120
786
778
595
42
867
387
54
346
738
669
828
381
995
641
697
849
745
0
731
219
959
23
151
745
798
518
495
931
184
299
363
534
4
115
270
880
531
188
130
491
995
972
446
716
409
86
87
243
596
319
125
224
760
884
328
212
361
231
202
966
448
33
206
679
730
49
258
784
207
326
993
34
689
746
68
326
62
463
330
118
655
159
382
515
930
646
848
201
93
546
462
264
700
479
507
357
756
628
985
440
25
378
180
255
333
414
775
394
826
436
483
496
578
582
196
427
581
630
711
672
915
129
241
810
714
964
402
814
530
467
418
369
847
639
922
185
255
112
726
170
613
532
529
851
837
63
578
896
561
179
613
729
403
745
357
882
771
609
953
284
316
895
69
924
810
735
843
74
975
313
625
37
71
232
612
406
791
480
309
226
525
358
411
459
948
877
170
897
119
326
922
677
569
343
299
287
482
7
799
617
61
665
184
139
583
343
341
296
154
889
23
249
795
95
424
168
600
107
46
568
278
514
997
355
26
188
475
780
7
129
39
958
504
455
268
524
38
626
483
411
524
684
359
165
729
269
597
376
989
659
971
206
504
133
24
965
615
909
45
482
193
725
506
225
113
148
676
537
292
705
502
782
854
198
38
774
656
552
337
49
636
702
937
722
20
401
85
531
312
163
234
840
655
283
73
995
584
311
361
120
705
155
790
497
448
409
90
941
407
409
748
372
413
508
782
326
555
19
115
829
53
246
881
672
674
474
771
826
501
689
50
50
373
112
364
20
497
165
93
360
552
328
326
513
848
524
124
129
110
790
283
83
285
325
298
89
338
298
96
423
800
434
479
703
431
969
775
335
83
258
935
328
393
284
264
552
517
839
890
3
882
232
916
501
650
49
181
35
471
12
704
546
768
569
768
752
680
142
664
338
868
351
46
974
508
46
449
554
955
180
553
956
578
889
270
971
370
97
467
590
97
664
948
100
815
294
510
3
960
838