1233
7239
2466
5742
4449
9040
2704
7530
987
2108
7089
582
2459
2085
5783
7213
3116
6236
7170
9196
476
3737
7242
8401
2573
6545
458
2978
5662
2492
5646
6770
5610
2471
1473
6929
5919
5960
7632
4497
1602
1393
5859
8640
1840
9910
1981
8642
5752
5154
8033
8846
9544
1655
3336
1709
8037
1988
6496
5838
4655
1132
2775
2062
9636
4005
297
2502
7795
3102
6950
981
7300
1765
7448
6159
5686
263
8547
822
745
2729
7437
5496
4206
6407
1920
7946
5212
187
6142
2436
3844
1120
1749
764
8742
9271
2067
5111
949
9434
5787
2557
1241
239
2840
7308
1380
7488
18
480
7176
2680
719
8562
5478
4832
9595
2110
1754
5292
2811
4554
1605
1055
3887
7108
8426
7206
9862
5403
6542
740
1142
881
9418
1497
9580
5950
8290
2744
7265
4888
6955
1929
9774
8851
6361
7196
6529
9748
9222
9120
2640
8138
9994
2963
2381
334
7015
1018
6091
9882
6644
691
193
3689
653
2793
7932
8414
3929
5080
8569
6327
7596
1666
1987
4099
3533
3345
8602
9713
6474
4990
8325
1595
283
2914
6137
6835
5669
7115
8650
285
5312
848
4753
958
6603
9048
255
9651
559
8664
5154
5924
6673
9052
5765
1738
2891
1017
3564
4175
5197
496
817
4725
2960
3173
392
2474
3916
3408
9226
6971
283
5123
5744
8743
4525
2222
8862
7077
2429
5552
4579
5351
7364
2751
3309
8897
2316
298
6578
8613
8215
1964
2092
9793
7730
51
565
9196
8580
2082
7764
5532
6811
2548
2566
1948
1738
3011
5392
2268
9163
4616
4580
6825
8443
2931
611
1327
6134
6396
210
3516
2881
4459
7919
454
743
7750
6710
5024
4853
8521
7999
8489
1066
1739
8186
7717
1161
846
6974
6497
3442
5383
3070
1409
5984
8495
3614
2780
2355
9641
6132
8218
2145
9013
9554
61
136
1124
9059
5758
7992
2381
1924
6985
8431
1968
1285
2043
1316
3897
4528
7963
1624
9734
7065
9639
7194
7084
358
5633
9274
2712
1730
5370
96
930
7580
4428
494
1846
6949
7742
6083
9286
8090
164
3505
7626
2415
8694
786
1834
7229
1794
982
4669
988
9204
3808
2307
7141
1956
7795
1712
6257
5393
9814
1481
2534
7997
79
2244
9892
6169
8351
9131
7770
5795
106
2690
3999
284
8219
298
8046
7279
6309
5076
2208
7263
1468
4809
8512
6288
1877
4026
8076
2025
1052
1748
7048
7672
4677
4230
4807
4006
5781
7782
8796
4109
1265
1792
1405
1671
6167
1968
970
3401
1612
5427
1661
9824
341
1209
50
9018
6394
3230
4024
9545
3624
4937
3705
4515
982
7604
7719
4765
491
2605
7255
9498
9230
1916
1874
9326
1709
2726
8249
1608
9042
5313
3226
3439
8963
9626
1121
1308
2665
2484
4512
1081
4644
2369
7185
9288
4908
4517
363
807
7435
9705
3028
8818
9929
9630
54
4730
7528
9954
5925
9205
1041
2216
959
741
5934
1379
6581
7405
6762
67
8426
4770
9590
260
4889
9678
9886
7778
812
6731
1627
3922
4250
7550
8506
4925
8000
8210
1901
2542
8292
1494
8192
8734
789
9369
5454
7597
615
2326
1205
6612
8222
4827
9544
4633
777
302
1956
4243
81
5985
3685
1599
2850
3637
4857
4610
9641
7870
3173
5344
670
2406
1367
9820
7748
276
7323
2608
2895
9710
2194
640
9301
6012
5649
4714
1528
9935
2982
6960
1059
8098
2591
586
9011
4720
2558
8917
9080
2358
8056
4721
4940
1098
6814
10
2579
6029
8638
9476
4116
125
682
8556
1703
6397
1880
3997
3151
9817
7436
3025
6810
2069
9091
4697
1174
9829
1633
2126
9526
9171
558
8536
5702
5356
8301
2799
667
8668
7629
5537
8766
9371
4067
819
5643
4599
7815
4715
9909
5348
78
5725
9501
4050
5064
6485
7106
7695
6859
4709
9899
812
288
3391
4115
5427
3276
197
9268
1849
7057
4094
4055
9105
3430
6844
7674
2546
5861
2300
7091
8857
9348
2398
4244
2434
758
2774
7296
3971
3922
1185
8222
8633
5220
4620
9595
1256
1171
402
3044
4237
819
9956
2053
8982
7371
7326
7291
2708
1258
4760
8241
9599
7366
1034
8025
6155
5413
9123
8792
4011
3263
3964
2695
8995
628
6296
2584
4177
634
1199
1302
3343
2873
6667
2016
4514
5403
6386
8631
3639
4846
4998
3462
6527
6540
1978
5233
8536
7709
4294
6897
7326
9003
8876
624
4337
7382
3995
7311
5225
1225
5492
6288
1687
2781
2043
2529
1982
9020
496
470
1666
7529
8495
5578
2752
4654
3461
4903
9598
8086
9621
7940
356
7244
266
2254
411
9188
2029
3499
2357
24
4072
6587
3406
165
1564
3199
753
6168
8480
8991
9197
3043
3932
9510
3850
7013
3301
3473
3751
5352
1337
6504
9238
540
4205
9708
6282
2580
6213
194
463
5024
4549
958
4875
251
6053
6355
963
6774
4282
7786
9185
3492
8722
7362
4021
5367
7200
2023
3178
1147
5482
6502
7035
658
8047
5279
6021
2464
1100
9164
4126
1735
721
8338
1318
8326
6768
6421
8605
1677
2501
2320
5125
3813
1788
6101
9930
7917
5983
1810
607
2712
4064
4565
8203
1349
2566
370
5316
1039
9979
8738
2090
1047
437
3998
8503
814
931
540
2134
9239
1787
5465
3826
6236
3553
2648
7936
9312
5594
426
2079
1813
594
1118
5198
4511
5355
2091
2096
3337
4872
2732
28
6902
2201
8923
2743
1435
8343
9649
4166
1499
6978
7500
5406
1362
408
3251
5791
1718
1561
3942
6945
9659
7321
4841
6333
9559
7430
3890
5903
8294
2075
8753
3307
8622
6868
3200
3661
6740
6467
5707
2549
9713
9731
6114
531
2624
3018
9644
944
2681
68
1999
5101
3683
5229
3741
5151
5125
9391
9392
1292
3838
1086
8202
1455
5813
416
7094
4194
1651
7041
1699
3756
1585
9589
8098
3177
9052
8015
1822
538
32
9650
2716
9756
5219
4038
8547
9357
753
4190
9629
1660
1801
5671
734
6465
6229
6707
5509
5053
8383
535
1633
1186
6803
8450
3189
630
6976
767
1871
5877
5283
3964
7782
7429
8437
7740
1010
3582
739
8202
7504
5417
1311
8336
4262
1719
2373
9190
5220
8566
7521
1694
540
3472
1503
3328
5763
7956
1090
3682
1832
5193
3625
9018
1828
2416
4800
6295
9443
9386
5827
1852
6098
9818
9864
319
489
7532
429
9201
5948
6533
9711
8462
1708
637
1037
1896
2067
9067
8924
6831
304
6415
540
1476
6895
7862
6907
8398
7645
8025
3209
6221
363
7127
5020
7132
7680
6677
1333
428
9284
2371
3970
287
4986
6865
9973
8642
8526
2881
837
2863
4144
1630
4115
4818
6895
1918
4656
7018
3209
2148
2061
7506
5425
1225
9939
4721
1283
8860
2469
1679
1461
39
6610
8121
2942
1572
6559
5942
6203
7168
21
2090
1231
2623
8262
3179
379
1584
6310
1091
4750
2402
776
4262
8287
5463
7846
8837
1609
2408
2133
2417
1654
4042
2312
4419
239
5567
3795
8524
803
4703
2499
7400
3238
5337
9501
3049
8843
1637
197
8289
9142
2524
8656
160
6123
346
331
5663
1691
3650
8909
6155
5376
2194
5818
4838
1494
9353
8362
1771
8205
7111
2665
6577
2860
5412
1872
6034
2889
163
245
7788
9814
7016
2526
6759
7982
5848
9052
1192
5584
304
2293
9829
8314
89
7474
9306
7883
7594
8922
652
6162
6559
2206
2748
8282
8184
8632
8863
522
8565
7678
3035
2920
6240
2891
5204
319
795
8495
9080
3905
7021
997
9959
6334
2167
7686
6487
1604
4651
589
5255
7065
2991
8410
3939
1480
382
6715
615
9929
8784
7624
7912
3940
5788
6701
4527
6998
4555
8750
2791
2757
8142
182
953
4401
3410
5232
6549
3116
4579
7689
788
715
5199
1398
7980
989
1197
2274
5492
1164
3310
2507
3337
3841
5410
5662
8880
6525
9806
2735
1756
4805
2173
2526
2338
7661
6580
8950
8395
6665
2826
1000
7579
9856
9752
6888
8672
5298
1213
3446
8348
6155
3478
4815
6198
7384
1788
5157
1998
2042
9774
6204
4144
5433
81
1622
3227
5898
3284
3282
4131
7524
4537
3281
3843
799
6529
3433
1319
4990
6247
2045
856
5311
5632
940
2121
7585
5761
2553
1043
6869
8226
7740
2396
6584
4226
7511
3388
3535
139
2731
8435
9220
7319
971
4613
5569
5955
9649
9960
3370
7970
1873
5344
2608
2197
6267
3769
8483
3402
6132
9989
6199
7779
1527
9381
1226
6665
4983
4941
2405
2608
169
3652
6306
4636
8032
8345
8061
4532
2521
4605
7533
8822
3176
3724
2197
6140
5618
4237
7910
9406
1693
701
2632
3288
4581
5014
3352
6381
2512
2358
1748
1163
8532
9165
7125
7953
3799
311
6812
9310
1863
9532
8368
4332
8188
3028
5639
974
2811
894
4723
3701
5948
162
639
1225
6750
710
2442
9286
553
7999
5443
7893
820
328
8278
124
5128
6439
7765
5113
4789
526
5019
795
51
943
1901
1825
5564
2612
6034
4840
3129
478
404
5838
7946
8316
71
988
3241
9343
9242
9892
1169
3995
156
936
5323
5009
7041
8379
9545
6570
4885
3131
9431
4742
1824
527
8895
1463
9978
6605
8380
8871
8449
1920
9217
2257
5000
8488
9466
3455
1842
4802
3779
5760
1408
2634
6904
9420
9864
5022
1677
922
9159
3189
671
6817
887
3295
6186
3790
5716
1407
3293
9383
1467
3110
8907
1853
5317
4018
1795
823
6579
1879
5682
9948
1706
1628
8839
5425
1633
8105
7864
5573
2824
5280
4563
4680
283
4122
8119
7443
6199
9651
9748
2244
3565
5289
960
9000
2901
8432
4780
5983
5892
2618
6742
5162
4513
5717
9312
9432
9620
7397
9313
4018
6353
7876
3883
963
2004
311
973
9004
5404
371
2233
7271
717
5951
2152
8794
2352
5052
6653
9662
5166
7363
9656
3201
1550
7933
5724
4665
1275
9817
5602
2954
6777
3609
623
3417
9289
2478
2164
8258
27
2294
8292
9399
6307
7603
2092
7834
2063
6893
7630
3870
1656
4234
2718
2904
5560
5469
1921
5003
1451
1757
9138
6117
3849
344
455
4916
8946
6248
868
2029
1627
8308
846
3150
1128
1594
8754
1458
4218
5596
4375
9573
5563
7432
9825
3545
312
5212
3736
6680
4111
8458
7929
5978
6648
1800
3803
7914
729
1628
4628
8644
8948
6534
5869
6466
612
4286
1876
968
2024
5263
5536
1788
3423
8932
2170
1434
597
5443
682
1046
6157
5703
7279
8211
2511
2466
2003
5524
1795
8098
6591
4097
63
6483
1947
9644
7598
886
632
245
1410
2464
6209
6187
4715
6790
2079
1619
7768
9672
4253
1806
3597
2588
860
5526
7030
2684
3912
5977
8411
3986
9962
9722
1300
4595
7950
9796
9567
1610
3192
5296
3167
6855
5171
793
792
6839
3642
7886
361
7269
5163
3320
5384
1521
5176
6604
2356
5265
6528
7091
9783
3701
3550
4520
10
4239
6432
226
1406
1058
1626
4707
8040
1627
8716
5984
413
3758
7618
9986
4543
8370
7802
9531
2342
2687
9563
1629
594
9942
4372
4568
1455
6658
8995
1763
4570
1246
9159
1053
7108
535
2536
3028
7797
3060
1285
22
6979
3
9294
4710
3666
8965
1316
9505
2702
2349
8958
2289
1479
613
2877
9233
220
5585
769
3459
4380
72
7117
3055
9144
2961
3657
3548
3533
5434
7607
9060
6833
1343
2328
2051
411
280
5760
192
6568
4547
5591
704
9164
869
4993
4262
902
6523
8945
5887
2631
406
4969
3822
3555
1798
21
1059
9065
4422
553
6066
9888
1320
439
3505
5714
4930
8710
5361
4222
2170
63
8801
9896
1230
1818
719
9572
1591
3657
8529
5235
3327
2131
1603
2093
3824
7796
6321
4768
2623
7746
1896
4535
2329
2947
2072
1535
5228
5885
4972
6118
5881
8575
7245
5412
1913
1966
2020
8639
686
642
2367
201
2379
7235
6998
5613
6358
446
1598
6506
2333
492
5293
5503
7303
2004
2255
8088
413
3295
5801
6280
9656
4621
9900
1240
7292
4967
3932
686
1478
8469
7122
5489
5266
7057
8494
2380
7265
1499
3425
3937
2776
4846
7354
7696
9724
2594
8991
2152
6653
2323
2511
7213
8016
67
4902
1163
5906
5100
2880
2938
6025
8536
9553
1154
3853
1429
6933
833
7720
8387
1539
507
7337
5007
4295
3425
3615
2533
9793
3221
9812
4641
9352
524
8792
6839
9122
2757
1520
325
7640
7258
8622
5077
6854
4437
5235
2791
2737
1285
4979
3070
7180
5152
1864
5465
1916
6875
9081
2469
2603
2887
9915
2834
3994
5230
360
2467
938
1856
6528
7818
9340
5687
9646
691
7719
209
2365
9407
2523
5919
4074
5876
3092
601
827
1619
2209
2405
6768
4187
4101
5464
3913
1468
926
4987
2713
7310
7460
5313
5785
6739
6996
2137
16
8042
7886
7759
8962
2149
6955
5400
3350
7197
755
3374
9468
853
8446
6248
638
1229
777
9053
5687
1560
2524
3626
2546
7328
4537
3779
1076
2696
9207
695
1196
9857
753
8471
4602
6641
7353
1191
4462
5794
384
5478
6114
6999
90
4811
2427
1044
9549
17
1579
574
3515
6852
8171
5777
3985
6156
1112
4977
5231
1785
3499
7234
2296
1984
1325
3260
7388
6005
9610
4953
3701
9945
4326
337
3422
6375
2717
5609
8843
8505
9327
3495
2052
5008
1212
4281
7428
5140
8765
390
6674
4313
2244
1332
6157
6194
5332
524
5853
3354
1539
1868
1160
6369
1822
3131
2610
6627
7102
5266
8585
5696
3595
681
7568
1383
1070
64
6921
8916
9371
6655
265
6284
1599
8911
3015
2791
5286
8939
6660
5229
9072
1025
4722
2595
8788
9630
6942
8664
22
3193
7440
1020
1509
2782
5685
5601
456
4878
6026
4996
6891
3476
2315
349
740
2331
2285
4484
1243
991
8841
9959
4345
2514
9546
1962
1264
2224
8058
222
6459
5396
2807
7701
4359
1356
8844
2997
8163
7147
2573
843
3284
9774
5330
9330
2156
1249
4888
2244
5724
2850
3780
1583
4503
6485
7834
9900
6057
8058
5485
6444
9175
3485
6360
9988
7593
7181
140
8011
7990
4287
7595
8786
1902
8147
5860
691
9950
3687
2176
8060
5408
2666
7981
7710
5537
1460
7752
1793
5831
3493
1104
7115
7010
9131
2969
7617
9121
3015
2255
2492
9817
7618
9163
5568
3026
3180
8346
3769
7699
7734
8076
487
1135
5041
8603
4428
3983
6022
1741
9586
8482
4103
1915
3890
9346
6838
9011
2419
1017
836
5755
5696
9604
8524
8551
5566
3863
1442
2348
844
7825
9846
6950
795
6209
3790
6855
6928
9689
1587
2673
6247
3299
9146
2806
1370
1649
2245
5134
3411
2280
3531
3561
1518
8320
1222
8533
339
1317
411
2546
6067
6066
6544
7428
9584
863
9177
7369
7810
7512
7939
460
2999
2033
9860
5481
8795
7158
2754
5186
1704
1607
1508
6481
4031
3012
2758
622
776
6453
9553
8740
8231
5934
4410
4111
175
6721
3450
7129
4315
3924
2158
6518
4859
596
1167
5068
7276
2426
2436
54
1131
4621
3319
443
3643
4040
8550
3370
6021
30
7547
5849
6303
7019
1166
5871
2448
637
2537
8239
1091
3171
9692
5462
5098
1828
8274
3510
8101
4548
4355
1060
4851
8338
572
8190
6473
9541
8540
5761
3473
9736
9521
8378
1124
6691
1826
4780
4538
861
9886
2386
7425
2815
6053
6181
781
5498
8996
6176
4431
9468
5479
3794
1513
5007
7483
5891
513
3730
1042
8283
9860
188
2586
1487
941
1166
7008
2718
8374
5336
4321
1915
14
959
2353
3531
9995
8301
1439
8018
9602
5370
2841
889
8021
8266
5788
2067
5628
1367
2735
5695
1863
161
304
2688
1411
1666
159
9228
1371
6166
2186
4290
193
6251
9768
6640
6317
9398
7386
3572
8821
2055
9071
9873
606
1453
6439
355
7394
3293
7594
5959
5490
895
2682
7381
62
5497
3094
3663
274
688
9041
6559
9475
8956
5074
7836
9883
6572
5069
3565
7473
4330
6866
849
8221
7600
1300
3982
490
2587
2429
4073
2237
7790
1712
7781
4597
506
2159
8575
7315
2093
1358
3658
8476
8809
3416
9254
1852
2839
240
5543
5581
5851
1755
4355
3609
1130
2524
6827
4237
6713
9647
1005
158
407
298
6762
128
3390
2065
788
2981
6038
362
5642
7987
4395
4464
695
8873
2607
4027
4936
5042
2515
400
7965
6075
8931
7637
7889
8130
8143
4488
3693
2800
6305
4400
2314
873
316
356
326
4320
641
6491
4921
3440
7608
9028
1768
4153
9981
5079
6761
7928
4601
1226
5224
7642
2051
1689
2985
6306
2662
560
6112
7497
6133
2587
4782
1221
1836
176
7020
6638
2648
1099
1789
7676
890
5210
2510
1925
5992
8490
6690
950
7397
3794
1180
1359
8467
3406
1355
308
6597
3231
5437
2610
5769
945
2397
2975
742
4733
1135
6260
1267
3056
8895
8175
7224
6716
5540
1908
1369
8573
5514
997
6736
495
6848
2370
3082
3502
4591
786
2357
4541
349
1986
8023
2011
209
2573
1443
2835
4439
541
2632
4916
4006
7056
5675
2848
8369
383
5462
3320
843
1292
7297
6552
4750
234
3264
9135
6637
1329
2893
1058
6568
1569
2631
4770
9456
8327
6122
6123
204
622
4273
5677
12
3848
314
5744
8316
1886
5625
8244
3707
772
8768
7255
1676
9375
5006
3915
9324
2939
1701
4951
4710
25
3488
2956
8195
8726
4740
9067
5974
370
8950
9093
4919
8255
6829
7603
8670
1976
602
4231
7491
7476
9686
9027
4851
6939
2298
6201
1302
5720
8357
3986
734
7040
6953
8451
6834
2434
6103
8972
9725
5743
813
9827
1856
6316
5917
6225
1455
5
6063
5227
5163
9621
3594
2820
1307
3859
2223
5264
177
9951
214
5996
8266
6094
781
653
1973
1682
6797
1511
3704
5421
6480
7295
767
7015
4353
5010
2967
8046
7378
3318
3115
62
5652
722
1276
4866
2626
2362
4838
553
7935
7182
7968
1692
2417
5412
1492
7183
2254
6882
1664
1877
1190
7360
556
3977
6689
7422
5469
267
4075
2578
1786
3528
492
9349
3725
174
2749
734
4828
9853
8264
3806
3705
3825
9007
2254
3926
1520
144
6422
3325
8607
952
2336
6943
8234
6325
2525
9963
787
8144
3526
7809
459
9899
9221
4664
1023
3223
4532
2045
2052
2954
2198
9149
1814
1855
5461
8468
6382
9757
1532
9911
130
2093
3750
5231
2689
4438
2215
8951
8591
203
8666
4632
7630
5128
8154
531
7982
5449
9892
9039
4294
5372
9821
5635
467
6423
224
8358
9168
5389
9211
1381
1991
1709
2347
4150
423
2747
1220
3674
7079
8867
6949
823
1993
3516
6796
4807
4339
6682
4934
5179
2826
1126
1434
4309
8383
6177
2023
7492
9151
7414
6522
1969
7990
1056
853
4778
6387
1821
9868
9644
1746
8609
6545
5606
7910
1245
1395
9708
4405
3874
1459
489
6841
1905
7399
9513
9651
7668
1714
2118
243
9522
6131
9105
5717
2783
2909
547
5710
4466
5783
2805
9112
1900
2069
5021
1611
6741
1031
649
6284
3673
481
4577
1866
5475
907
7096
7686
8217
4905
9139
6531
3176
6301
1726
6559
2001
6907
2779
5392
7876
494
8908
8418
7068
7353
5763
3968
4508
385
7320
9106
6888
2233
4939
6374
151
3518
4410
8625
999
9188
9509
1207
3153
2592
272
4618
750
7688
2377
2608
8715
7287
6906
8232
441
5446
4113
1566
5129
4199
3679
3021
6790
6163
1422
6244
9250
1320
4775
2396
1654
3067
4834
409
3076
1700
6686
559
5231
3770
900
3638
5262
588
7255
5377
9740
8610
7007
7324
4196
51
6887
6437
8043
936
4531
6461
7710
8769
5782
5486
2750
7030
7379
2142
8809
7617
6114
8837
1339
1194
2261
476
3573
7651
9147
2166
9612
8326
965
1571
6149
1115
2840
1555
2240
8894
4354
4952
8242
3153
992
9871
6552
782
687
9057
2296
9935
7970
6628
4666
6913
2724
1447
5784
5798
510
3007
1634
6986
395
7579
3204
8937
4473
1598
3436
4367
3331
1518
6871
7360
5469
3017
9483
3241
4496
3976
1562
1078
3175
7670
2197
9862
6441
594
1807
7947
6312
2258
2612
7271
2056
2187
890
6820
5156
8047
2615
3666
1790
599
163
7110
5781
7249
2127
7008
892
7131
2406
9070
5849
6721
611
8192
9915
8291
2099
2620
1952
3610
2444
3
597
716
815
9203
8063
3406
9386
1246
714
4042
8000
5419
1696
2082
4765
9436
8780
5091
3941
2000
7152
6797
3516
3737
7540
5090
8732
5632
9871
6237
1794
759
250
4821
9593
6128
6803
6738
8588
1853
2368
6640
806
6440
22
9121
140
8787
488
136
8589
6322
1443
4707
4217
3080
3290
8952
3248
1167
2941
340
9948
1564
5903
1871
9922
4930
9256
9828
1989
1142
5208
6752
7852
7155
766
2697
2388
847
3464
6417
6552
8557
7356
8282
2945
9253
1798
9709
1577
9009
1074
9910
5892
889
2028
2802
5041
1313
4806
1019
5517
6753
7274
5683
3418
1845
977
8160
5342
2310
1972
5495
6878
5290
2257
844
1324
6199
47
136
4654
3470
5685
9964
5538
9189
985
4261
7039
8277
6037
9680
2029
6
1726
2144
2328
391
903
190
4225
4626
3699
801
6389
1471
2251
2270
3442
920
4607
2113
6728
2766
1392
3773
1724
602
253
7536
243
9958
2572
3435
6844
6973
6844
6720
1023
3807
5064
6188
9493
154
3150
8712
5223
7654
2177
698
316
3023
5469
2162
5357
9641
7081
8402
6988
4015
6897
3020
7829
7788
7236
931
3907
7406
8795
7403
949
7639
3948
114
5763
3238
8253
4707
6828
8917
8381
8056
9889
2404
2208
2512
8648
7975
377
9170
793
4764
8637
9585
3517
1567
9893
1840
2393
273
564
6824
4101
3030
2314
8647
1809
206
984
4443
2426
4246
5941
4528
4266
5408
9521
4502
8014
8944
2104
5190
1228
1865
5545
6902
1572
1159
839
9627
5638
9294
1327
559
1316
6723
5355
7796
1642
1066
6743
8216
2091
9920
1442
1321
8014
9289
7224
1338
8185
9325
5661
1062
9916
6318
44
3124
2337
9261
177
6012
1138
3565
1540
7754
8444
8296
839
1824
2355
7810
3281
961
3670
2283
205
3435
7093
8824
7484
1940
1664
1492
4882
713
8801
8339
5216
5506
1164
4167
1213
3738
8854
2471
5082
3262
2948
4620
4198
6020
4582
8878
704
7790
8324
1583
3515
4127
7159
9701
3127
1565
9803
7886
5101
791
5059
7360
3723
8713
2254
7007
3217
9342
137
1842
8187
6582
4533
9239
672
6696
7578
6390
7002
2921
7756
5364
9703
7677
6333
5129
9327
1181
1731
6548
391
4506
8331
6493
3350
4817
3118
4507
8038
7616
1571
8423
4973
1847
8982
4689
8700
5651
4760
2754
2520
3511
9750
1234
295
6620
8590
6458
8077
859
9887
8348
6328
6088
1344
3602
7001
529
6276
693
5188
1606
8365
6479
9145
2300
8159
4642
5460
6781
2006
5754
2721
5827
2634
2401
1093
2821
5906
2562
329
5312
7255
6992
9992
2489
363
231
5467
9970
3097
7955
8451
923
8190
3952
2295
2427
8936
8370
5166
3935
2126
3463
8191
1843
2513
3209
1095
863
1650
455
8315
9427
132
1783
4430
5526
4738
7141
1894
9131
2724
4287
346
3429
2878
772
5598
7517
7034
2442
5235
289
4856
2095
4632
7103
1570
2530
6342
1891
8885
211
4922
5501
893
2088
4196
4198
9055
4306
1776
6948
381
2208
4898
8013
6726
7778
6424
8569
5948
1792
4587
4506
6858
2619
101
96
8070
2068
8841
9768
4835
4509
928
7701
6922
109
2576
6834
4826
920
5730
8695
6301
909
4867
1818
2653
561
3419
5687
2487
1421
3645
9043
6190
2452
3310
9486
5283
1896
2106
455
9189
6317
9459
4836
4451
9181
1595
18
4953
5389
5028
5354
5099
8576
1749
1317
1579
3931
8656
1921
4001
9161
6034
1844
8908
8224
2555
272
2564
7684
8383
2632
257
2282
460
8658
4721
7168
7549
1357
7574
2571
7758
9781
863
4528
8544
5701
7513
9143
3791
9420
6692
1213
5187
2948
2458
3017
8484
399
2574
9634
5889
1538
1586
5502
67
7254
7819
302
9933
9484
9449
3768
2663
6705
6529
6453
4220
5187
7997
3901
1136
3283
9000
3839
4966
2347
5682
1894
2400
2450
2987
9080
9880
5133
877
1056
6767
4425
4378
4879
5285
4054
2568
2270
8072
3798
8346
3799
4784
6550
3666
7893
2586
7708
979
3369
6275
6594
8188
3599
5192
882
3089
7424
8812
3475
5532
472
5866
5842
5573
5563
3339
5748
3085
7812
2969
603
337
7150
6677
2055
381
7255
2391
4303
463
34
3220
497
5438
8859
8404
7558
2715
1664
5413
6569
4342
4494
3322
9050
3124
7082
8104
6269
1311
2114
5922
4072
2607
9923
611
526
8168
4571
989
7621
3060
3057
4175
2655
2594
7620
3164
7287
3934
8866
1146
3754
8564
3083
2984
1768
7599
6996
6788
1114
23
576
619
5799
5803
5596
1570
6274
6746
7177
101
8550
5992
8336
6254
9925
7279
6273
5720
1213
3204
1693
3444
9852
3612
2645
8284
9125
1807
5698
6406
8499
620
582
1404
4782
1117
6018
2202
7404
2763
3322
2103
8153
1493
6294
2535
2954
5742
7658
207
3423
4757
5641
1243
3479
4600
1573
7774
8120
2939
1946
4408
3199
5270
3196
6668
4661
3053
3101
498
275
1492
6004
7258
4903
7874
8491
3139
7879
9461
9367
3115
7109
3367
1805
519
4276
800
1939
7893
3162
427
1797
2512
6551
1997
7002
996
3717
2196
1590
9347
5040
1740
1904
5416
1911
1224
1015
1385
164
1311
7136
3282
1176
9892
1347
2144
139
3946
7800
1898
8835
9784
9676
1175
7074
5754
5960
3020
405
1369
1827
1445
5642
2636
6919
1543
6930
6478
8322
2099
7992
6625
6990
205
8096
195
1026
2333
5523
7168
9658
2005
6058
7065
69
2357
8153
9492
7086
7564
7822
548
6990
5456
8746
4074
8927
8496
5120
6348
468
8839
6107
2133
5863
2963
6053
8989
435
2199
7605
522
7235
8942
4232
1638
5834
1218
3123
2020
2773
732
936
6414
3085
6012
7576
4576
2258
1483
6280
1322
7573
2206
4742
4258
2676
5758
7870
1528
1996
8198
2888
9294
9465
6861
6324
8952
4354
9957
4649
4608
163
4819
2122
30
8954
7552
3611
2358
7686
8063
7618
6273
2589
464
3457
9120
30
3444
8243
3614
3734
1682
597
4630
1734
7802
1015
6694
4148
9512
883
2690
8385
1706
6701
4700
9036
2181
4891
2562
7973
6454
983
5544
4068
8917
4531
4232
2507
4926
9277
4359
3737
6579
9283
5674
1409
620
3320
6936
3802
6785
3768
6930
7480
1161
9096
5344
603
9044
4945
7262
9558
4454
5631
5095
3395
1604
4037
2337
6677
5300
484
8954
8461
4480
219
192
9538
2060
6736
3991
7499
185
6272
1078
2238
9768
5604
1891
991
8787
8325
8225
3633
520
5457
5895
7552
4071
1838
7571
18
6478
6015
7599
1659
4019
4005
8418
9152
6754
8327
1018
2255
6856
6853
2424
8365
4767
1001
7580
5903
2490
607
4148
2302
7156
1766
7759
820
7828
3287
999
1996
5492
7430
3806
2681
2562
6728
4743
9733
6150
868
6185
7918
8213
3292
1344
6316
1286
3630
1732
1109
1043
3925
5118
2420
3058
502
5512
8616
5892
296
6148
1289
29
931
2704
9249
8982
5500
6024
2744
7888
3472
9276
4400
8874
8864
3444
5762
4036
4779
4210
745
1300
3138
6455
61
3737
5016
2824
883
15
264
5170
5795
4594
7356
6124
6377
5351
8459
7740
561
887
8194
2316
2749
4957
7862
8494
57
2850
377
2654
3473
3318
9660
2103
9441
5362
532
3913
1468
684
7152
2682
9857
4347
7721
282
1915
780
7530
7835
3080
260
4499
8944
1309
9623
8377
5957
1768
5448
3760
3552
9094
9729
3163
4007
7830
918
2451
770
8749
5429
407
5762
4267
6800
4915
1938
4846
7583
2900
1181
3877
703
954
7809
1256
928
9519
9458
8215
6366
7367
1169
240
3597
4345
2734
7877
9579
3581
1468
9469
9440
6038
7349
1801
1817
9234
5629
1450
2342
8543
2347
5745
9264
3536
3637
4903
2271
5888
9548
4862
6331
6583
5848
6839
6722
7691
5781
9750
1801
5833
4622
435
7718
5540
2840
4451
2685
8381
9203
838
378
3923
7292
7922
3647
1165
1702
9088
7486
1414
9243
4693
121
1431
2942
7188
7943
5948
3106
7297
4234
1296
4928
9593
8463
1434
101
657
3974
1932
3818
4956
5747
5065
1672
1633
1139
1864
7820
6252
1907
2742
2951
4372
5934
9344
6649
5181
2069
113
8831
3583
3108
2233
4859
3878
4147
5567
5619
5307
9210
9640
3948
6883
4008
6249
840
1783
6918
1065
3885
9972
2375
314
7545
9779
1555
4090
1715
4780
7108
517
4004
3654
7008
7245
197
9666
5977
9740
8346
2505
3202
5897
4608
6995
6691
2778
1539
8026
8510
1609
5107
2814
8930
1130
8520
6010
7120
684
6196
2775
3644
2974
2135
6240
2406
7875
41
7861
1130
5081
1395
1108
4181
9735
1359
5732
9594
981
5745
932
8564
976
1702
6788
1420
4910
6605
7378
6188
7710
5922
8792
2693
1556
2594
9283
894
308
4028
2199
1055
5437
341
882
2733
7593
8607
4670
4486
977
6827
1355
7615
8517
9964
5661
5660
5165
9454
1873
6369
3930
2807
821
6774
4128
2749
9945
6416
8136
7880
2017
3166
6753
6617
812
7328
551
5770
5450
4639
8375
5080
2761
5785
9297
2271
8800
668
9199
6117
5008
8693
5509
9306
6920
7145
2346
1358
4601
803
4054
2324
2249
1919
2156
2421
1867
487
4330
5576
9774
4829
2574
496
8901
1080
7484
6007
3943
2498
2573
8106
440
3777
490
3956
5208
2100
3353
9647
1610
1009
6471
4168
7896
9436
9639
1347
4229
3690
7594
6832
483
5799
6767
9996
7206
6629
1885
4634
8889
5943
9103
1091
3807
125
2623
300
4941
7600
854
7463
7478
800
130
6301
9559
4875
9913
1147
8996
5233
8110
8890
4946
7030
2402
7427
7094
7912
4252
7698
4270
1762
1932
442
5503
8593
6460
730
2671
6644
4040
9887
6228
4601
5488
9386
668
1669
1947
9267
2014
5764
1054
8878
1665
5043
6414
797
1660
5529
5442
9750
3550
7757
4157
8455
6831
2388
2266
2647
7782
3738
5896
6158
5564
7491
9336
4631
4720
914
4037
85
1117
3818
6244
5
9210
9555
7836
3347
3216
7968
3719
8655
8561
9390
8201
8816
1078
8143
481
7833
794
9352
3197
2444
7942
5832
1411
9325
6348
6282
2734
440
9512
8588
902
1558
8979
9025
5651
4171
8826
6068
4754
8355
8431
4703
4745
3215
5214
9306
2344
4778
9523
2695
8208
4610
6730
2174
3321
1299
4711
1877
79
3029
3463
546
2428
7833
5206
6180
940
367
3698
255
1628
3341
7888
2166
5492
9195
3726
4445
3111
6354
1849
7247
6985
9910
4512
5886
6849
1697
104
538
4671
8547
146
9124
95
6439
7722
2483
4734
7655
560
7143
9292
1410
4492
7291
3171
2301
9246
16
8840
440
9556
9688
3839
5298
1392
9760
2883
2208
121
7682
6135
1850
3185
5034
2278
3830
1958
8135
7394
4218
8589
164
107
8140
4172
8792
8766
3932
9158
7595
1296
3764
6189
3738
9643
190
82
636
5257
7831
721
854
9582
9187
956
7947
8603
1473
7876
2072
1999
2400
7871
5104
6609
2418
150
6884
9820
720
62
8341
1354
8062
9194
6316
756
8161
9119
6010
2440
4110
7928
171
9453
9268
2747
8817
2259
4141
9339
4734
3726
7009
6015
8402
437
1980
4019
3286
2134
6225
2238
1303
60
1151
548
5847
7331
1411
2413
1265
2011
2669
3366
1724
2907
503
8134
9250
3848
2692
7507
2529
7703
4246
7078
8849
6175
2339
1900
8455
6995
8168
7950
3417
8638
1390
596
5027
7775
5676
1398
8602
24
141
1491
336
3665
2692
9301
8743
6914
5757
9140
8904
8385
6
1562
358
4745
4014
6583
1583
5020
1196
5911
1203
1881
3219
5280
2520
4289
7013
5648
877
3335
2005
6823
9566
3703
8098
1488
6375
4105
5281
3830
7741
2949
4345
9189
1961
2776
1909
2622
6134
5080
6885
4047
9069
293
6087
610
2958
97
2245
2261
530
7281
7054
2250
4479
6020
377
8080
9116
8243
9286
4001
9958
5130
9784
6125
7810
8775
5937
5704
8771
7072
2044
2271
3774
9017
1057
2657
8012
9446
6820
2011
3425
9070
9087
724
1643
7409
2881
7211
3516
1259
807
4909
5212
2457
234
3292
1640
5883
2089
8812
7663
6379
6568
1408
7199
7838
1433
5860
2556
2072
8650
428
2241
7781
7984
3565
826
149
1427
698
9552
3559
1721
179
6358
5177
4839
2521
5077
4655
1365
3300
2483
7714
1122
4264
9113
1179
2136
7493
8500
7041
7040
1183
4779
5439
9705
2158
8835
3081
454
2342
1248
6352
1686
729
6062
99
1368
4859
399
3049
9149
3351
1637
1277
2224
8401
8865
873
324
7659
8189
6134
6526
5467
9496
3171
2451
5181
8448
3300
4098
5157
8820
9325
6437
3080
7418
2287
7284
8876
6703
3665
7530
3213
5037
1059
4396
9521
3698
3392
4776
2062
1007
466
266
8154
8893
5050
8805
5220
3943
6159
8960
5841
6532
1270
9486
9353
563
596
2515
1283
973
3745
5747
2734
8565
2077
781
8082
5971
5383
9273
3702
5073
3867
1118
3331
1669
4251
823
4921
5569
6338
3031
3073
9303
8389
426
1730
8833
2139
5613
8008
2544
5166
5281
7362
2371
4834
4220
8219
395
5366
6449
6715
4476
6729
7169
4302
6103
4127
7714
6998
5078
8468
1231
1981
7174
4288
9392
7997
9836
7819
7595
2499
5874
2754
3691
2609
9809
6395
7248
1587
9571
6502
3943
2533
4809
469
2364
3587
5594
2669
5389
9761
8493
6509
3712
2444
2537
7215
7064
8769
9915
6797
9172
6348
6073
437
1849
6819
1269
7616
6561
5220
5683
2127
8243
8188
398
1991
3109
154
3127
5279
1376
7124
5040
2679
6483
2488
136
59
203
4725
1384
9256
2449
3131
7838
9551
5635
6704
3111
9304
5784
6437
1571
216
3614
3545
2611
4758
2743
4956
7878
9226
3748
3062
8213
7447
8015
4888
5371
3115
575
451
3593
6405
6456
8409
5449
8838
5314
9041
433
4363
1004
3470
2426
3386
7631
6834
482
490
1527
9855
3071
1960
1120
4382
7477
7848
9245
1636
5993
4089
4335
9522
9095
3243
2691
1420
9377
1685
3389
668
7065
1186
9701
9303
5794
8892
1183
3584
81
4701
6655
1468
9817
5569
5420
9030
1032
9168
6964
8404
2108
2554
7104
9418
4714
3027
9578
621
6912
8882
5676
2330
3881
1957
6283
7832
4337
4167
2932
4924
8986
1157
2246
8396
7118
9549
1888
6709
6885
2183
5964
5616
8938
1032
6124
451
473
37
6932
6453
460
5862
6840
3764
2183
4347
7623
7706
1376
8515
392
2044
5203
1882
2116
4613
6324
5266
3541
8259
7942
9766
9661
7377
9596
1147
874
7461
3438
2344
4265
3034
318
5464
6552
8608
316
2589
4752
1251
7047
1415
1619
42
9316
5461
4242
7152
1140
1499
2242
7352
6913
4741
6704
4237
2313
1931
5219
1960
9407
741
785
6470
9134
2401
7796
3336
2591
6402
2862
2780
2141
1451
2443
3004
9575
1501
6295
3958
3158
7198
7632
492
5247
6491
7132
4269
2139
9822
8030
7220
4613
8115
2629
9311
4676
4328
9637
4483
9290
4835
9610
5821
7036
2921
4778
8924
1267
2331
7339
9422
9089
419
2661
4248
360
8193
7913
3690
7544
5903
5955
7649
632
2843
91
3327
2599
8006
8914
1416
7731
2424
4043
7583
9994
6454
1080
5857
8415
9607
1671
2687
7999
2164
828
3554
1172
5742
8480
6234
9354
1428
26
4952
1168
1556
3166
6732
2609
370
8547
9105
3971
1960
442
7256
1632
5629
7115
4691
1012
6008
4978
3811
4070
5302
8938
3411
5339
4363
9656
3783
7974
6758
748
1967
8036
4679
8771
2496
6136
229
2001
8117
7266
27
4477
482
3222
3124
1965
1913
3322
6935
2644
369
6607
7348
7113
4420
4788
4767
1961
5735
7239
2428
3008
6063
5182
6428
7988
1730
3125
6567
515
6316
3912
9771
1518
4883
2852
7331
2485
6845
8345
9883
9749
849
34
3219
6016
11
4648
8691
2844
7940
564
846
1166
2977
9124
9274
1592
5834
6944
5775
6945
2702
3405
4285
8324
4533
6497
2979
1612
8870
2280
2301
2766
5723
1127
8014
2391
9218
4319
1663
2216
9924
3716
134
1199
6811
9583
1178
56
4352
3312
581
9155
803
2280
5996
4120
9951
8022
4972
2824
2972
1137
3733
5094
1911
7317
5931
7991
5599
9169
234
3077
5969
3120
4746
9626
3431
7783
2195
8011
1580
5839
2195
8322
5283
3042
5581
593
873
876
2853
2916
2503
4122
3674
8134
5549
2854
8578
647
6620
8838
9212
1964
4034
4785
6546
743
9835
3683
2334
7017
5494
7715
926
6165
870
4163
1979
2519
9018
9160
6342
1989
5344
4716
8180
6373
4757
5408
508
7039
9807
6165
4430
4036
4063
2604
4807
7695
8625
1516
3698
5562
8822
7253
1729
3253
7892
8387
684
5443
9788
1029
4265
7925
7741
9598
7100
9531
1335
6700
9841
551
5522
3799
5512
1381
9680
60
6208
8633
6928
5947
8344
1831
7972
653
6962
7928
3974
7194
5448
3531
566
826
5619
4683
1543
9722
5770
4256
3531
1874
3176
4488
4188
2052
338
3015
9261
6823
2071
7789
3008
1446
4888
8167
8569
2003
6393
9080
642
3567
8281
3418
2416
5246
6815
9535
5895
4774
549
1357
7114
8425
6218
8858
7365
1044
578
419
4862
3847
1121
2707
7961
5685
2969
6611
2683
6670
7199
8909
1185
6460
4980
5893
1155
7802
3363
4762
8307
3180
4358
1337
5994
6203
9310
5283
1141
4095
3395
9232
523
5506
1192
1476
2947
7842
483
6129
7139
1751
5660
2925
28
6327
2371
1446
9045
5430
6487
1491
9124
7634
5605
1628
1604
2942
2973
5933
2740
6028
5275
9255
3964
5761
8596
5495
4726
5828
1887
9851
2442
5623
3767
9954
1657
2361
8302
1956
4799
7418
6516
4162
1523
4033
6488
3823
3521
8731
2367
751
2218
3173
5427
9983
4890
6459
445
3941
122
1826
7125
601
5542
83
2617
6596
8930
8025
8877
1767
3577
2638
1186
2224
8743
2544
7466
1977
1607
8778
7291
8529
4159
592
6850
7840
9451
1802
2329
4837
7095
1221
9932
897
5377
3750
7945
8297
1998
9985
3991
2152
5292
6153
104
3972
2391
9305
17
1538
6640
3410
4953
5836
7051
2086
9104
8946
5784
3876
1715
3983
8133
901
9533
7421
2866
8663
5664
5515
6612
6407
7332
1310
3534
4308
1359
8246
9677
4722
4950
419
8611
8077
9970
2551
6678
190
1703
3582
8474
9891
705
491
4092
2025
4480
1012
7072
3677
9093
4786
4126
6964
2541
4369
1112
6872
3838
4431
9568
2404
256
691
6728
3345
6062
1867
7193
8946
3484
8955
8551
3868
3276
6786
8661
8955
8812
4975
7349
1073
657
5956
5955
64
8122
618
2819
3194
2142
5222
7704
2999
3256
1354
9414
2135
9892
7518
42
3896
1546
1969
6265
3258
1883
5835
8358
321
7593
9541
1192
4411
5724
9419
9115
8387
5298
1808
7126
6053
2742
3859
7021
3123
5061
1105
1543
2487
2765
3786
5043
6554
6775
3689
1078
5092
2550
1150
5304
724
9680
6334
8081
8979
1533
3342
686
2277
3550
1083
1720
9504
2287
6894
3287
8127
6736
2798
9970
3097
624
1031
4842
9934
5547
4873
4440
7057
1479
5092
1684
1804
4953
2211
2248
8577
9965
278
1652
4653
4453
4052
3507
3794
6529
6960
5102
2101
1440
1756
5231
6708
4054
155
2153
5788
8031
3212
8710
3658
2276
5028
2513
2865
8779
5418
6069
3196
5843
9481
9221
1636
6768
482
8606
1524
1395
1696
2202
6171
590
9152
2614
9489
1047
2608
5286
7374
5419
3319
1000
56
421
1638
3942
5787
3087
3902
6672
2413
3096
4593
41
8082
1350
2605
2353
2110
222
7591
3315
4666
8322
6932
5551
7193
9770
8686
923
3914
9926
3972
2102
992
7107
1683
3885
113
828
9764
401
8156
3059
4262
5288
3119
7312
8510
9300
8392
8217
6139
6609
650
867
8431
7762
6226
7496
8155
7503
1674
4793
6410
7560
4637
7093
2466
4157
7964
443
7574
7280
5777
4477
3215
4507
4611
6486
1515
4911
8329
7997
7686
4780
8690
9946
8377
3880
9812
8904
7937
7370
116
4283
6034
6598
437
8085
1835
1102
9124
4164
6059
6550
7444
733
9492
4536
3621
5567
7407
2170
6699
2353
3120
589
4860
5534
9499
519
9065
8851
4423
2931
7441
3685
5171
4888
6802
2424
950
4967
417
782
875
2201
444
2620
6141
585
1023
8436
5055
4973
8932
3182
3872
698
6734
6936
5916
744
5751
1296
2854
2196
6120
6543
3077
86
8954
7096
4284
530
1867
1809
1839
9138
9955
5570
7827
692
8119
1068
1333
4736
5581
5324
1918
9069
2321
8943
5909
4068
5687
5912
1781
7700
4595
192
8704
1832
4470
6493
4084
5398
3305
2550
3998
4250
6271
9654
4221
5731
486
4928
40
3787
6782
9954
8082
9724
9437
1836
220
4753
8114
5938
7532
5883
8344
5760
5165
7910
1581
2415
1447
1083
7764
2101
3792
3639
2041
5121
8307
9404
5203
9735
3600
6438
6094
3960
5428
7825
1865
759
9291
745
1853
327
9747
3250
512
7097
5267
3625
873
8532
5244
858
4245
5045
4590
9859
2264
6858
1918
8249
8088
4538
2438
682
1127
6104
1405
5827
9359
8039
9417
9202
3619
2671
1379
9135
4051
7376
5978
727
8048
8695
4891
6361
8785
2527
9455
1909
2598
8858
6357
4400
8155
1104
5601
2029
143
2551
2933
1785
8709
5332
4895
3734
2474
5665
1459
5707
5113
5264
6731
185
1164
8622
8652
4833
627
1179
5611
772
8281
825
80
5595
1461
4994
4601
4137
9295
8576
1314
2125
9908
9783
4180
2700
2604
4950
1260
7966
6889
446
1117
3880
6162
1441
9800
3578
8818
4192
2747
9418
5211
4334
1015
4097
5566
2792
7879
5412
1551
5161
94
5030
4452
5096
9888
5372
6079
805
3668
9281
3005
9173
4120
1210
1341
458
7686
5501
69
3014
1942
8958
6097
5601
8707
6074
8462
7641
5266
712
535
5162
8896
2588
8109
3231
4332
5774
4556
8151
9349
7546
6891
411
8725
5257
2884
8078
2206
3568
8133
7350
3972
8024
1542
8251
4939
2222
2413
2638
9058
4107
2222
3308
657
6951
9846
4402
9519
1610
4810
9315
2279
1795
9644
2456
6539
1084
9326
6888
9337
9117
2730
696
9309
1696
2801
548
5880
4373
6722
7438
1248
8887
7709
38
8856
335
137
5388
1617
9800
4275
8498
4208
3890
4936
9093
1634
203
1556
4109
62
778
5084
7571
9818
5966
7945
931
9937
1655
5590
5490
2451
4787
3213
2130
285
8860
956
8451
954
9248
9965
2844
1274
5761
4102
5130
5011
573
8351
4376
6981
5553
690
6288
7058
9882
168
6945
1598
1564
8561
8498
1283
759
7299
3765
2280
7638
248
9647
323
2538
4017
8600
6316
4935
1056
9166
9061
2140
3604
4191
4935
6041
2710
7878
5054
5100
548
6309
5895
1661
75
6421
2217
2203
3658
2074
5490
2917
5765
6058
6675
7006
3687
9422
3791
1771
4604
8058
8640
8527
3566
3002
7611
9369
6878
2702
6452
3564
8053
1384
3941
5104
7148
3011
4955
9271
6633
518
6642
9314
154
3017
6659
900
1351
1912
1466
6695
6131
2453
2764
8110
9603
6594
9241
3803
2131
6608
9135
899
8469
4706
7391
5118
7227
5813
6132
3027
151
8276
4704
3203
5873
2423
3849
4452
4505
6235
2117
1266
221
8488
5682
2945
973
6463
1833
438
3373
9235
9604
9175
5467
7914
2909
528
4801
5091
1001
9287
7725
3626
261
4866
1344
1657
5983
7111
2996
1042
4601
4340
194
1627
4729
7072
9282
5976
1780
7666
8083
1247
6829
5217
7838
56
1544
8524
4790
3204
5588
4779
9059
9488
1672
1877
9264
9130
493
7539
7329
1315
3853
373
6409
53
8010
8212
5723
374
2177
5015
8639
1566
9473
6762
2263
3125
9351
8060
1922
2465
1772
3751
673
1727
3377
182
2761
9808
1737
8082
2056
2214
9817
3885
9659
8510
2251
6067
7679
7840
7737
2077
4455
5669
4824
3528
5006
8217
5698
1990
6893
1745
1129
1364
6975
8079
4825
251
4771
1379
8237
5834
7921
6308
8517
532
5009
7231
6646
9558
6584
5663
3715
1276
6452
1759
8171
7221
219
1068
498
3236
3599
941
468
4760
1956
8151
1543
6462
1429
860
977
1573
2484
8037
9290
3266
9024
5776
1779
1286
4524
6843
5911
7869
1518
1825
3425
455
1637
356
6974
7549
5743
973
9684
300
3033
7264
7907
486
3144
755
5099
5290
1192
2016
2015
640
1475
6424
697
8601
3173
7947
6205
2710
5277
7190
6962
600
6422
1100
4430
3512
230
3784
6673
793
4439
7073
7766
6826
3524
7359
5445
8960
7382
4733
7116
1268
1937
5248
608
2537
7624
1255
4254
9488
392
9124
6550
1471
8548
4026
7179
5311
8236
6806
6260
5493
8291
2179
3815
1124
449
2457
8246
5473
8439
2854
8330
2135
7649
2112
1184
3340
7024
921
5793
4724
7193
2691
5190
564
2648
1734
1148
9961
4137
6801
1892
8410
1832
9053
4830
779
3303
7160
2199
8004
704
4913
2704
7522
5660
2367
7953
476
3940
5734
1566
536
5814
6748
4505
5663
170
1465
1737
4542
6580
3246
5017
7231
7421
1576
7363
9863
7438
8069
159
5105
1804
6854
598
5611
8986
7925
4444
5391
523
1897
3934
6342
5128
1175
8584
9928
8753
5099
8730
4502
5719
7720
5708
6091
9769
5500
5743
1440
9709
39
4678
80
2786
2030
2917
6348
6611
8955
1113
3215
4046
5783
264
2692
7206
1339
8442
4039
87
7459
9688
5353
7672
8981
3732
6648
8709
2288
5913
2478
2941
23
8004
985
7049
8432
1108
8043
4559
1113
4270
5523
9670
2875
6772
204
8394
9169
2023
9588
3746
2474
9946
8207
64
7885
1321
5933
1961
9741
8826
10
6998
2157
1010
8484
3114
1461
9931
7378
2053
4918
3765
8643
2136
8827
4683
2325
6538
7616
1431
5687
7195
8711
921
7009
6487
8009
2099
1266
9597
5834
8745
6666
4944
2672
7031
9065
1853
8389
7459
2792
2590
5307
2533
2583
9615
3935
1300
2566
2688
5121
8467
9592
7482
451
107
8533
7573
2257
3851
3647
1272
5952
8782
5143
1346
7753
9100
1825
2026
6663
2307
9397
2866
2079
8743
9335
1554
368
4471
8345
7698
9452
4626
6079
2310
8310
10
2388
7153
9020
2360
524
2836
4582
1521
969
5046
8447
1640
8914
1976
8372
9171
6832
2153
7755
1954
4571
6360
6006
5357
1605
88
8328
2797
3605
1737
311
9214
3783
564
4946
9267
8561
6951
1925
6699
809
5314
2987
4307
629
3473
243
524
339
1851
8646
9726
8715
6490
7832
1196
7122
956
1565
8330
2608
5401
7423
6845
756
1878
6013
8675
6406
1402
4517
3523
317
8463
8932
2613
9251
5099
9181
2148
7989
8703
9321
2707
5871
2288
4703
1471
808
6292
1701
739
1674
3599
6949
8113
1413
9439
914
4384
9155
6325
1837
49
7359
6773
2099
71
6274
559
1194
373
6223
9887
908
6778
9360
4754
3954
43
3103
4666
5061
9232
5209
1747
6369
3234
2224
7559
4908
4354
8353
5279
5237
4878
6022
6796
2096
1584
9644
4213
2465
7607
6007
4081
7254
4746
1716
1703
6490
250
5583
7844
1768
7175
231
4845
3341
4038
6959
9286
1505
706
4758
1410
6247
9921
1529
8283
1250
8984
6519
4
6586
9569
9446
4238
4304
3579
1924
6072
3391
9811
7120
1867
195
4866
8506
8548
4623
4599
3289
9171
2473
791
8347
7444
8264
7634
7474
5259
3985
3799
3277
6998
9022
4219
1476
6510
7953
2710
3721
8686
8680
1454
2187
3206
6977
5065
1020
8098
7151
7836
645
503
1677
585
1081
6766
2099
1017
1976
3253
7447
4486
5509
2145
5413
6669
1561
1320
658
5730
1753
8255
9949
8452
854
911
5304
1922
740
3853
9734
4446
9597
8074
7397
5761
5830
648
3197
1919
8755
990
5337
3661
2487
1982
3270
8736
8606
2293
3130
7623
2654
7539
7736
156
6026
1692
6624
9287
6010
6830
1356
3972
8008
5412
2776
4454
220
7178
7185
7195
7130
8705
4082
9170
8234
933
7514
6619
7737
5630
2642
1374
9502
5492
9982
1998
672
9302
643
5167
998
4861
5640
3734
4878
4780
3679
3424
5554
2331
8789
9782
2023
3669
2200
1951
3224
8542
3241
4294
756
2425
9186
1358
4595
648
6506
1651
6126
6229
3622
2803
2480
3665
3618
8829
9271
7180
2529
7432
7887
7204
5681
391
2882
817
931
6475
1608
9472
1882
3514
3989
814
2081
6111
4980
3897
4529
5634
1022
3697
7315
4058
4752
9620
5428
5967
7547
7882
7239
4325
4189
782
7407
1350
5825
7662
2540
303
2290
741
3349
4878
2134
3207
3368
6634
3081
4013
1454
1011
2359
1666
7266
492
1326
380
6915
6870
9970
5359
2280
2719
6179
8862
8148
4459
8733
9380
8619
8993
623
4483
1123
9530
2718
9675
1646
853
4378
2124
1015
927
2736
8831
43
6129
9394
2562
3034
9338
1333
5123
4845
2622
9257
671
2267
5903
7854
955
7943
9500
1173
723
1628
9159
8868
97
6540
859
9727
16
9892
765
6515
8161
468
850
5364
6830
8911
8946
4794
5885
4222
8203
8039
2248
8761
4105
2268
7803
4152
2933
2189
9069
8695
5996
8242
3090
5929
8433
7504
6288
2174
293
7495
8592
9928
2534
7628
4504
1546
118
9114
7863
2418
3325
1893
288
1273
6338
6656
2379
3608
5638
3903
4248
5261
1121
2399
470
8718
9521
9765
195
1053
1520
1236
564
5293
3221
8259
9255
2580
2286
350
5543
5234
1549
8331
3840
8081
416
2992
340
3693
8118
8532
4414
4437
622
195
8324
4834
2530
7782
578
2664
5300
1666
485
7228
9112
1311
2644
9365
963
156
6614
9493
3362
2385
7072
4873
4701
4390
7150
8351
5037
1970
8997
9512
3900
6086
1478
766
4493
4811
4165
5016
268
2777
1802
7420
6102
7290
3048
5588
7740
3022
268
276
644
2768
6504
7514
865
1256
8705
4247
756
6563
3622
109
9202
7360
9026
2954
440
7788
2804
756
1133
6929
8396
3045
4247
5914
2264
2346
6449
4570
9969
6454
507
4638
6544
972
1122
2368
2405
7372
3794
2173
729
1565
7017
6905
497
7165
6797
2866
694
5477
385
3778
1187
609
8836
6121
1679
910
2539
2186
2380
7924
1456
676
3951
390
3770
6564
7153
9207
7903
4042
3413
5552
9448
7673
2459
192
4148
8179
2692
3875
6591
4116
7063
2102
1012
6061
564
7193
9233
1621
8439
2837
8922
8939
3374
5553
4880
8286
591
2256
5460
7696
7124
6685
839
5449
216
7082
5539
8312
4935
8053
6095
6031
4416
3308
9919
7568
542
6210
299
4226
2280
5907
801
7769
1814
884
6605
9269
9093
5582
1304
2345
6892
4221
9918
4383
5040
1140
8180
4298
5285
7523
4090
3212
374
1036
3326
7225
8358
8690
2817
4187
616
4563
9150
6424
8620
984
1640
5153
540
970
1667
3644
1174
2055
7654
8692
2474
2229
8975
6383
2886
3671
3543
2177
800
4814
1464
5296
5876
4465
2716
5751
2287
5567
184
6142
3803
9556
457
6106
4315
6763
8013
2001
8010
1492
1094
5425
4031
8470
1754
6801
308
3590
7966
2280
5831
9033
1493
1261
80
6310
8163
8766
4244
1167
9815
4613
6954
481
5145
664
5772
2330
431
5968
560
5707
5062
7228
2727
6239
1743
1463
9701
7947
6952
8471
1571
805
1965
3816
306
3338
6175
8680
8337
1866
6420
1508
2784
7815
2798
195
8997
2527
1472
1617
7103
821
5999
9583
314
1239
9398
5497
8339
347
636
5768
92
5499
6665
3641
6545
7604
1543
8237
684
265
4230
178
6662
1949
3826
6131
2351
1537
3385
1468
1040
2058
5352
8032
47
9127
9333
6014
1380
1809
2466
7553
7737
5043
768
2328
2838
5805
5139
1317
4446
8916
8245
5961
8004
6220
1949
8272
162
3496
9809
1721
892
7585
7881
6489
6688
4886
326
6576
3568
5219
899
7276
5124
2389
1915
8989
9417
9276
8379
1865
447
6930
6553
640
9650
8603
4198
3714
8262
7405
1312
6096
7529
1907
8891
1697
5427
1756
3616
9958
305
873
1542
1216
531
5976
6369
880
3330
6762
456
3887
9318
1675
5243
2447
6791
1715
5381
690
1219
2216
926
6457
2479
2471
9764
464
1265
1235
1836
2616
6574
3708
6707
8485
4815
3572
8394
9
2281
1646
4945
2528
4893
1544
1794
7134
9741
5579
9154
4726
5104
7904
5844
2189
1320
4134
2431
5198
5170
1377
2848
2990
5246
8836
323
9331
2032
2898
878
7601
789
4721
2126
4693
2506
8721
6151
8597
1162
2092
4182
6951
4726
3774
185
818
3050
3623
2129
3907
6846
5726
3143
1504
1546
472
4093
5762
2205
3770
6406
1326
6800
1419
6664
3956
8998
3645
9649
2716
8839
6094
5208
1326
861
4618
4997
2929
1791
2307
1876
1895
7500
1619
1670
2263
8586
5777
5801
922
9632
1491
7257
5305
5072
1811
8230
8423
7177
549
552
1820
5676
1528
3056
7409
8557
3482
1025
1715
1245
4497
3535
2834
4310
4648
1543
8585
1830
3782
1007
787
2879
9622
2639
8411
3790
6146
2576
1796
4123
9152
2356
5755
5232
5282
791
4826
4366
2745
404
655
236
842
3979
3228
1490
6964
5569
3007
1861
8160
8584
1397
947
8282
3153
427
7953
6543
8767
3381
5651
5735
7182
2514
5117
3349
3092
8800
8039
1965
3270
4140
8246
4934
8926
5181
3689
6208
716
7282
1616
5527
3483
4392
7108
3080
4630
3120
451
2531
874
2545
779
2066
6845
9306
3593
9129
2415
154
834
8335
5616
1316
1569
5004
1874
5325
2594
3811
6417
9608
4688
8834
8432
4244
6138
6183
1526
7476
9290
1045
1817
7023
8329
9240
2857
8089
4045
6198
1761
4242
1045
8998
5897
2238
4391
3925
9631
6964
5863
9462
3495
7403
1483
3977
9472
3794
1548
8016
6297
3694
4832
894
2293
1849
326
1073
891
4505
4977
2
208
3087
7401
2123
9497
1713
8782
1976
2316
2395
2654
6640
2470
7297
5833
1494
3186
408
51
27
7256
5654
5323
3830
4613
7654
7529
5175
9082
3408
4477
6168
151
473
133
5205
8729
999
9167
1310
593
584
864
9850
3559
5140
8388
3790
5007
9823
8168
1919
7947
9219
1363
7940
561
670
4972
2943
1422
1640
1288
6654
8987
1320
6515
5693
63
567
2321
9790
8438
7797
9893
1852
8369
458
7682
6220
5373
608
2849
9956
6072
9471
8674
4257
769
2729
6421
1268
2672
6952
6507
1900
2966
612
1481
7594
5206
105
142
6081
3140
360
2341
6429
972
7533
141
6005
806
6930
854
5892
6265
7937
862
1220
6414
191
4382
828
3447
1848
6351
1452
6111
6165
9776
8709
1715
213
5180
95
9762
5739
616
1157
9601
4324
9003
2244
5601
252
9377
5268
85
5362
1121
6374
4751
552
7325
3327
2363
5279
6617
6723
1294
1395
9344
2326
7920
9011
9572
8079
9448
5925
7557
1870
2182
775
932
9743
135
5944
9880
7423
6020
1704
7761
7438
8045
1373
763
1494
3892
5415
9300
7611
3628
9783
2401
8292
5236
1068
5038
6457
6654
6813
3046
957
806
510
4946
9646
863
1133
2564
4411
2255
3372
9751
6773
174
5812
639
1849
7739
9639
7671
4812
2608
407
9899
9176
311
7398
2258
3527
3613
8829
161
765
4486
1905
6876
3274
3713
4082
6365
4848
3901
5990
2874
4147
4492
9862
5475
3631
535
6247
1193
270
4435
716
8757
4105
9490
8234
424
526
8636
764
9022
8500
4704
9784
8745
2123
1766
3121
1723
1143
231
4399
3572
6735
1503
2348
1453
5408
7537
3823
3379
6728
5227
9919
169
6000
7740
256
4919
5033
580
1474
183
8554
4331
2651
2162
4024
7573
2177
582
1192
211
2653
635
817
1181
2156
9030
1238
4768
1864
3933
5410
7810
3894
4061
500
2494
2129
712
333
8844
5415
1235
4648
8703
994
8319
9754
5302
5242
5317
3914
9739
1257
5208
8386
2352
2080
166
1734
1340
1848
9375
3877
6624
283
9097
2574
878
1731
659
8821
6140
9875
8505
8758
4549
7286
1832
7496
6897
4676
882
2022
1639
2700
9091
7770
4384
3902
21
235
7133
8936
1345
5401
3883
628
2679
2678
1414
7856
9968
3063
1260
7742
4290
6651
8292
4909
9668
1771
7615
136
9891
2019
125
7613
3668
240
7187
3312
6330
2171
7884
273
2138
9589
7885
8235
942
5059
2317
6815
8967
7500
773
1968
5158
2351
6053
2000
8380
5579
487
2412
4769
362
183
9683
5442
6173
9523
8829
1726
158
1792
9449
8100
8994
4702
3079
4293
2221
1500
8599
335
3979
4558
1106
3645
908
5342
376
2409
1023
162
6825
3907
5602
2653
744
8807
1657
2391
6268
5882
1677
3985
4809
8997
8039
6484
6896
1877
7693
8266
2418
4641
4524
5808
6538
1022
8392
8905
3835
6849
2079
6294
2599
1667
1780
8069
7379
505
1883
2872
9815
7204
4160
9288
2842
6949
5789
3161
2557
6038
1563
7151
3927
7574
265
5489
2481
5603
1899
878
5395
844
5669
1853
719
3911
9496
3897
7083
9633
3915
6893
6485
8372
4366
1148
7555
1966
4251
740
232
8928
6639
1316
3534
7171
2503
651
5984
8898
9550
2323
4518
6964
6118
3119
3303
776
9301
64
4874
5943
3298
5390
6126
2500
1776
8245
6635
8103
7306
5774
1224
3130
2287
3616
2559
6595
9953
1654
2461
1156
488
4002
4350
4591
4093
6914
5305
8366
3843
5123
3911
8770
1912
9844
1418
6970
2429
6188
4220
8375
706
8125
4133
5501
6134
2139
4306
6893
429
2168
1858
6897
4883
834
8322
6535
5967
3376
1739
1521
1260
89
7642
2572
6276
581
641
672
3390
1976
1965
9847
378
8204
3160
4402
2362
829
1295
8696
4691
8107
2486
9376
6692
2972
5242
2418
9991
5953
5991
6585
709
5674
7659
2459
5855
2939
2139
3996
9978
7841
9670
7471
9659
9728
5335
4159
5107
3327
5262
525
8140
9767
1024
7819
5365
6423
1438
2520
6283
8635
1508
8637
2377
1214
307
7592
4752
1102
9857
7766
1306
4639
9119
4087
3756
9731
523
604
7835
8504
8855
3252
8048
2450
1450
5720
1374
9659
6918
6707
675
5960
1801
1494
238
1278
5608
555
6176
9797
569
2616
1974
5691
4080
2118
822
252
1420
8307
5031
3857
5010
8405
1862
7542
571
2544
4519
849
906
2730
8104
1311
1520
3244
9292
7361
5571
9051
6279
1528
6652
9609
5909
1244
2001
1878
2576
483
9091
570
9442
6576
4808
1559
8903
4202
795
9259
4550
5087
7378
3460
8146
3081
5376
7943
28
9583
1420
7602
5852
7647
547
9616
2528
8475
2314
8797
9219
3553
4662
4971
4833
783
1311
7252
1434
439
130
8337
550
6095
8454
6890
552
5741
913
5615
6726
3297
8060
1382
327
4515
292
6710
9502
1486
8131
7892
55
9741
9326
2284
5999
294
2336
8530
824
9268
6648
985
7085
8361
1006
596
6947
1539
5739
6091
4689
782
5145
688
2546
7339
3993
3699
3832
5776
7316
4835
4563
1567
2644
7558
8754
315
1076
7402
8617
7017
1253
1612
2515
9460
8354
2810
1898
1571
8598
9636
5782
1246
6013
5400
4450
6335
888
431
5237
7606
1413
417
1327
3168