7439
1
2
2769
4
5
5036
7
8
840
10
11
4514
13
14
7160
16
17
3816
19
20
9026
22
23
7816
25
26
3461
28
29
8253
31
32
6392
34
35
1121
37
38
6269
40
41
5504
43
44
7167
46
47
4248
49
50
2649
52
53
5635
55
56
9279
58
59
6494
61
62
2332
64
65
2367
67
68
5375
70
71
8263
73
74
5606
76
77
722
79
80
2048
82
83
7331
85
86
5465
88
89
1738
91
92
6637
94
95
7167
97
98
7130
100
101
6643
103
104
5344
106
107
2669
109
110
1785
112
113
6637
115
116
360
118
119
113
121
122
1204
124
125
1761
127
128
4362
130
131
3918
133
134
3321
136
137
7925
139
140
982
142
143
2097
145
146
6059
148
149
8799
151
152
1932
154
155
1755
157
158
535
160
161
4407
163
164
6607
166
167
9909
169
170
328
172
173
367
175
176
5928
178
179
511
181
182
7031
184
185
8087
187
188
1341
190
191
4953
193
194
3527
196
197
6284
199
200
548
202
203
9414
205
206
8128
208
209
4785
211
212
6595
214
215
2302
217
218
2106
220
221
5601
223
224
9146
226
227
4547
229
230
2060
232
233
4195
235
236
6067
238
239
8934
241
242
1958
244
245
5503
247
248
936
250
251
5514
253
254
7820
256
257
3153
259
260
4614
262
263
4378
265
266
1588
268
269
2604
271
272
7553
274
275
7287
277
278
3474
280
281
1120
283
284
2057
286
287
2676
289
290
4513
292
293
1726
295
296
5179
298
299
9525
301
302
1125
304
305
4411
307
308
234
310
311
3989
313
314
2766
316
317
932
319
320
8223
322
323
456
325
326
2800
328
329
4338
331
332
6079
334
335
288
337
338
881
340
341
6798
343
344
6252
346
347
1620
349
350
2531
352
353
694
355
356
1327
358
359
6845
361
362
2050
364
365
9951
367
368
4788
370
371
3331
373
374
4896
376
377
5950
379
380
9942
382
383
2280
385
386
4144
388
389
690
391
392
7661
394
395
4227
397
398
6367
400
401
6308
403
404
2629
406
407
384
409
410
8521
412
413
7171
415
416
1538
418
419
3845
421
422
971
424
425
8553
427
428
5216
430
431
56
433
434
7637
436
437
913
439
440
1999
442
443
5903
445
446
899
448
449
989
451
452
6447
454
455
2552
457
458
2492
460
461
4259
463
464
1352
466
467
1835
469
470
6522
472
473
9560
475
476
6702
478
479
4077
481
482
747
484
485
224
487
488
7811
490
491
8422
493
494
727
496
497
372
499
500
2909
502
503
3989
505
506
676
508
509
4757
511
512
3193
514
515
5058
517
518
4358
520
521
608
523
524
2688
526
527
2196
529
530
8538
532
533
5411
535
536
6458
538
539
7877
541
542
4277
544
545
943
547
548
1296
550
551
9570
553
554
3049
556
557
7326
559
560
1734
562
563
1367
565
566
4232
568
569
3575
571
572
7352
574
575
8443
577
578
5852
580
581
1167
583
584
7908
586
587
9000
589
590
4501
592
593
4978
595
596
745
598
599
1214
601
602
340
604
605
7923
607
608
1454
610
611
1959
613
614
8633
616
617
2752
619
620
9319
622
623
734
625
626
5864
628
629
6106
631
632
3139
634
635
9036
637
638
1905
640
641
9331
643
644
4969
646
647
1571
649
650
1968
652
653
281
655
656
3509
658
659
783
661
662
7954
664
665
2562
667
668
2989
670
671
8586
673
674
2489
676
677
1544
679
680
7160
682
683
9295
685
686
3105
688
689
4839
691
692
4657
694
695
5761
697
698
1828
700
701
6388
703
704
7049
706
707
8861
709
710
9051
712
713
6337
715
716
939
718
719
828
721
722
3399
724
725
2606
727
728
4180
730
731
7326
733
734
7071
736
737
2338
739
740
1571
742
743
2292
745
746
5162
748
749
6971
751
752
5021
754
755
2620
757
758
3807
760
761
194
763
764
2483
766
767
3314
769
770
5195
772
773
4242
775
776
8936
778
779
7397
781
782
4307
784
785
4842
787
788
8174
790
791
1400
793
794
5419
796
797
6433
799
800
2097
802
803
3754
805
806
8758
808
809
122
811
812
2230
814
815
4936
817
818
6430
820
821
8
823
824
6949
826
827
2673
829
830
2023
832
833
788
835
836
2356
838
839
3835
841
842
2815
844
845
3340
847
848
470
850
851
3092
853
854
1961
856
857
318
859
860
2485
862
863
7035
865
866
7242
868
869
7638
871
872
3531
874
875
9536
877
878
8227
880
881
1748
883
884
903
886
887
3034
889
890
8432
892
893
5362
895
896
1182
898
899
9383
901
902
8784
904
905
7508
907
908
112
910
911
3881
913
914
3447
916
917
7200
919
920
204
922
923
8687
925
926
3056
928
929
2912
931
932
2518
934
935
1137
937
938
1079
940
941
5286
943
944
6521
946
947
5937
949
950
6006
952
953
5887
955
956
4024
958
959
1454
961
962
7870
964
965
1131
967
968
937
970
971
9466
973
974
5640
976
977
5260
979
980
2996
982
983
5630
985
986
4156
988
989
3198
991
992
3048
994
995
2173
997
998
6978
1000
1001
2070
1003
1004
5887
1006
1007
8551
1009
1010
9976
1012
1013
4093
1015
1016
2403
1018
1019
959
1021
1022
7123
1024
1025
1583
1027
1028
7169
1030
1031
3662
1033
1034
3145
1036
1037
5262
1039
1040
6765
1042
1043
5801
1045
1046
9119
1048
1049
5565
1051
1052
374
1054
1055
3873
1057
1058
3358
1060
1061
2378
1063
1064
843
1066
1067
1850
1069
1070
4139
1072
1073
4187
1075
1076
7918
1078
1079
1454
1081
1082
4615
1084
1085
2061
1087
1088
6136
1090
1091
530
1093
1094
1844
1096
1097
9257
1099
1100
3101
1102
1103
2666
1105
1106
4746
1108
1109
4392
1111
1112
6161
1114
1115
1528
1117
1118
3528
1120
1121
7080
1123
1124
3660
1126
1127
7547
1129
1130
5407
1132
1133
3983
1135
1136
1722
1138
1139
9318
1141
1142
9595
1144
1145
7119
1147
1148
886
1150
1151
9965
1153
1154
5955
1156
1157
5595
1159
1160
1560
1162
1163
8872
1165
1166
4740
1168
1169
4745
1171
1172
2444
1174
1175
9441
1177
1178
6105
1180
1181
9560
1183
1184
3045
1186
1187
9312
1189
1190
4238
1192
1193
1924
1195
1196
4145
1198
1199
8313
1201
1202
6292
1204
1205
7288
1207
1208
6559
1210
1211
1652
1213
1214
3927
1216
1217
4324
1219
1220
9887
1222
1223
686
1225
1226
5759
1228
1229
8719
1231
1232
1609
1234
1235
2334
1237
1238
3620
1240
1241
2958
1243
1244
8224
1246
1247
2699
1249
1250
3878
1252
1253
485
1255
1256
6632
1258
1259
860
1261
1262
5275
1264
1265
3325
1267
1268
3894
1270
1271
287
1273
1274
8122
1276
1277
1559
1279
1280
6071
1282
1283
2590
1285
1286
2903
1288
1289
4800
1291
1292
1956
1294
1295
2110
1297
1298
816
1300
1301
5766
1303
1304
68
1306
1307
1802
1309
1310
7864
1312
1313
2874
1315
1316
2594
1318
1319
4881
1321
1322
3602
1324
1325
2230
1327
1328
8033
1330
1331
7147
1333
1334
9728
1336
1337
1201
1339
1340
61
1342
1343
641
1345
1346
2380
1348
1349
3313
1351
1352
3763
1354
1355
2894
1357
1358
4232
1360
1361
5424
1363
1364
2900
1366
1367
288
1369
1370
4433
1372
1373
7713
1375
1376
1670
1378
1379
883
1381
1382
8937
1384
1385
8325
1387
1388
4476
1390
1391
1808
1393
1394
8788
1396
1397
3834
1399
1400
5624
1402
1403
8898
1405
1406
3
1408
1409
2467
1411
1412
9070
1414
1415
6458
1417
1418
1536
1420
1421
8301
1423
1424
5066
1426
1427
2500
1429
1430
8809
1432
1433
3537
1435
1436
5684
1438
1439
7961
1441
1442
9920
1444
1445
8598
1447
1448
7586
1450
1451
2038
1453
1454
2450
1456
1457
2249
1459
1460
7871
1462
1463
6876
1465
1466
311
1468
1469
1471
1471
1472
8763
1474
1475
6697
1477
1478
5786
1480
1481
2042
1483
1484
4036
1486
1487
7992
1489
1490
4953
1492
1493
6523
1495
1496
3555
1498
1499
9076
1501
1502
7359
1504
1505
4711
1507
1508
4378
1510
1511
115
1513
1514
1968
1516
1517
1740
1519
1520
940
1522
1523
4657
1525
1526
9637
1528
1529
7365
1531
1532
9389
1534
1535
6122
1537
1538
9225
1540
1541
6349
1543
1544
2428
1546
1547
732
1549
1550
3122
1552
1553
8577
1555
1556
6062
1558
1559
9243
1561
1562
4228
1564
1565
1769
1567
1568
7662
1570
1571
8983
1573
1574
2019
1576
1577
7368
1579
1580
5201
1582
1583
1308
1585
1586
23
1588
1589
7121
1591
1592
9422
1594
1595
7688
1597
1598
2069
1600
1601
1389
1603
1604
9662
1606
1607
611
1609
1610
508
1612
1613
3914
1615
1616
816
1618
1619
5258
1621
1622
6109
1624
1625
9190
1627
1628
4321
1630
1631
7723
1633
1634
8990
1636
1637
5901
1639
1640
4010
1642
1643
4472
1645
1646
96
1648
1649
2127
1651
1652
2506
1654
1655
486
1657
1658
8928
1660
1661
4102
1663
1664
1141
1666
1667
5909
1669
1670
9627
1672
1673
1430
1675
1676
1389
1678
1679
8005
1681
1682
678
1684
1685
5477
1687
1688
176
1690
1691
6535
1693
1694
4157
1696
1697
3389
1699
1700
6610
1702
1703
1073
1705
1706
1498
1708
1709
8912
1711
1712
2317
1714
1715
3462
1717
1718
4472
1720
1721
2924
1723
1724
1399
1726
1727
2662
1729
1730
9416
1732
1733
4847
1735
1736
515
1738
1739
9666
1741
1742
4036
1744
1745
796
1747
1748
2777
1750
1751
995
1753
1754
3123
1756
1757
9454
1759
1760
602
1762
1763
9323
1765
1766
1884
1768
1769
461
1771
1772
3791
1774
1775
4395
1777
1778
638
1780
1781
9695
1783
1784
6930
1786
1787
2167
1789
1790
5999
1792
1793
4544
1795
1796
223
1798
1799
7463
1801
1802
3555
1804
1805
7381
1807
1808
1692
1810
1811
7647
1813
1814
8864
1816
1817
5422
1819
1820
2087
1822
1823
1970
1825
1826
2207
1828
1829
1802
1831
1832
9823
1834
1835
9170
1837
1838
6262
1840
1841
1584
1843
1844
4069
1846
1847
6763
1849
1850
2564
1852
1853
2602
1855
1856
5444
1858
1859
8593
1861
1862
2716
1864
1865
8100
1867
1868
6911
1870
1871
7927
1873
1874
6822
1876
1877
3366
1879
1880
6026
1882
1883
9281
1885
1886
9554
1888
1889
558
1891
1892
8813
1894
1895
268
1897
1898
1263
1900
1901
8226
1903
1904
7652
1906
1907
4333
1909
1910
5771
1912
1913
9877
1915
1916
1161
1918
1919
8439
1921
1922
5035
1924
1925
871
1927
1928
5670
1930
1931
593
1933
1934
445
1936
1937
6130
1939
1940
5814
1942
1943
6615
1945
1946
6204
1948
1949
9346
1951
1952
6460
1954
1955
3999
1957
1958
6709
1960
1961
8164
1963
1964
8566
1966
1967
3343
1969
1970
423
1972
1973
9411
1975
1976
5202
1978
1979
94
1981
1982
208
1984
1985
4543
1987
1988
8466
1990
1991
6648
1993
1994
710
1996
1997
4143
1999
2000
8605
2002
2003
3094
2005
2006
4034
2008
2009
9656
2011
2012
2246
2014
2015
5997
2017
2018
9844
2020
2021
8254
2023
2024
2561
2026
2027
5221
2029
2030
8147
2032
2033
6250
2035
2036
754
2038
2039
2205
2041
2042
4499
2044
2045
3741
2047
2048
1368
2050
2051
5037
2053
2054
5261
2056
2057
805
2059
2060
9883
2062
2063
8221
2065
2066
8601
2068
2069
6237
2071
2072
4658
2074
2075
500
2077
2078
5695
2080
2081
7017
2083
2084
1352
2086
2087
5523
2089
2090
9487
2092
2093
6083
2095
2096
1583
2098
2099
8883
2101
2102
381
2104
2105
2768
2107
2108
3973
2110
2111
4172
2113
2114
1777
2116
2117
102
2119
2120
855
2122
2123
6327
2125
2126
510
2128
2129
1169
2131
2132
483
2134
2135
8023
2137
2138
6641
2140
2141
6404
2143
2144
7586
2146
2147
5955
2149
2150
4892
2152
2153
1886
2155
2156
9766
2158
2159
5735
2161
2162
2788
2164
2165
6045
2167
2168
3216
2170
2171
5613
2173
2174
3336
2176
2177
375
2179
2180
2950
2182
2183
6949
2185
2186
5619
2188
2189
3254
2191
2192
1619
2194
2195
1404
2197
2198
9428
2200
2201
7396
2203
2204
8287
2206
2207
2556
2209
2210
3020
2212
2213
9128
2215
2216
6144
2218
2219
864
2221
2222
6567
2224
2225
4751
2227
2228
1601
2230
2231
6923
2233
2234
3326
2236
2237
3438
2239
2240
6690
2242
2243
1914
2245
2246
2780
2248
2249
1911
2251
2252
3200
2254
2255
1895
2257
2258
384
2260
2261
9291
2263
2264
4934
2266
2267
2527
2269
2270
1107
2272
2273
4415
2275
2276
9284
2278
2279
3814
2281
2282
2474
2284
2285
4194
2287
2288
5136
2290
2291
2345
2293
2294
2606
2296
2297
3597
2299
2300
7675
2302
2303
805
2305
2306
8955
2308
2309
9067
2311
2312
8181
2314
2315
7767
2317
2318
7701
2320
2321
9963
2323
2324
6786
2326
2327
9059
2329
2330
1218
2332
2333
4740
2335
2336
9951
2338
2339
56
2341
2342
2915
2344
2345
7721
2347
2348
5712
2350
2351
8307
2353
2354
7524
2356
2357
2990
2359
2360
796
2362
2363
6484
2365
2366
6567
2368
2369
9114
2371
2372
1387
2374
2375
6302
2377
2378
5548
2380
2381
2924
2383
2384
2718
2386
2387
1539
2389
2390
9237
2392
2393
6066
2395
2396
705
2398
2399
6943
2401
2402
9239
2404
2405
1912
2407
2408
3645
2410
2411
5187
2413
2414
3186
2416
2417
5486
2419
2420
9264
2422
2423
182
2425
2426
4020
2428
2429
1230
2431
2432
5569
2434
2435
3975
2437
2438
9947
2440
2441
4636
2443
2444
3374
2446
2447
9413
2449
2450
4618
2452
2453
6879
2455
2456
408
2458
2459
5778
2461
2462
7934
2464
2465
6319
2467
2468
7442
2470
2471
5734
2473
2474
5681
2476
2477
1726
2479
2480
4646
2482
2483
6336
2485
2486
9295
2488
2489
6908
2491
2492
9257
2494
2495
1826
2497
2498
2263
2500
2501
678
2503
2504
6144
2506
2507
7726
2509
2510
7412
2512
2513
1872
2515
2516
2802
2518
2519
1643
2521
2522
8637
2524
2525
9315
2527
2528
5904
2530
2531
9245
2533
2534
8106
2536
2537
4311
2539
2540
1107
2542
2543
6948
2545
2546
808
2548
2549
7253
2551
2552
1380
2554
2555
6851
2557
2558
3006
2560
2561
2518
2563
2564
5106
2566
2567
724
2569
2570
4145
2572
2573
9440
2575
2576
3663
2578
2579
538
2581
2582
9573
2584
2585
8403
2587
2588
2988
2590
2591
6375
2593
2594
2389
2596
2597
4942
2599
2600
6214
2602
2603
9199
2605
2606
1588
2608
2609
4312
2611
2612
17
2614
2615
4860
2617
2618
3477
2620
2621
7500
2623
2624
3013
2626
2627
5124
2629
2630
5049
2632
2633
4115
2635
2636
8838
2638
2639
3784
2641
2642
8439
2644
2645
1432
2647
2648
9944
2650
2651
5358
2653
2654
7472
2656
2657
1609
2659
2660
8113
2662
2663
8257
2665
2666
6483
2668
2669
394
2671
2672
1137
2674
2675
1623
2677
2678
1982
2680
2681
4702
2683
2684
2097
2686
2687
2644
2689
2690
8247
2692
2693
9768
2695
2696
4088
2698
2699
9870
2701
2702
3114
2704
2705
5406
2707
2708
1300
2710
2711
6848
2713
2714
5684
2716
2717
1472
2719
2720
8647
2722
2723
5618
2725
2726
2479
2728
2729
4984
2731
2732
9807
2734
2735
5625
2737
2738
6894
2740
2741
4994
2743
2744
4794
2746
2747
1707
2749
2750
9372
2752
2753
4893
2755
2756
3513
2758
2759
2614
2761
2762
1440
2764
2765
8243
2767
2768
3669
2770
2771
1825
2773
2774
9092
2776
2777
1830
2779
2780
8400
2782
2783
4451
2785
2786
9974
2788
2789
8475
2791
2792
4158
2794
2795
1986
2797
2798
3438
2800
2801
2395
2803
2804
4819
2806
2807
223
2809
2810
6673
2812
2813
1784
2815
2816
5950
2818
2819
5649
2821
2822
2758
2824
2825
6333
2827
2828
3334
2830
2831
5471
2833
2834
1527
2836
2837
4537
2839
2840
1556
2842
2843
4450
2845
2846
1866
2848
2849
1085
2851
2852
1666
2854
2855
1977
2857
2858
4800
2860
2861
6595
2863
2864
6482
2866
2867
9823
2869
2870
3053
2872
2873
1522
2875
2876
5954
2878
2879
9514
2881
2882
8138
2884
2885
3712
2887
2888
510
2890
2891
1477
2893
2894
200
2896
2897
2695
2899
2900
7591
2902
2903
2129
2905
2906
8294
2908
2909
8939
2911
2912
530
2914
2915
4888
2917
2918
3364
2920
2921
3914
2923
2924
6516
2926
2927
7458
2929
2930
1960
2932
2933
453
2935
2936
2781
2938
2939
2427
2941
2942
6001
2944
2945
767
2947
2948
3474
2950
2951
6292
2953
2954
8315
2956
2957
8387
2959
2960
32
2962
2963
7976
2965
2966
3907
2968
2969
4619
2971
2972
4894
2974
2975
2851
2977
2978
3115
2980
2981
3614
2983
2984
4162
2986
2987
9022
2989
2990
2319
2992
2993
2825
2995
2996
7174
2998
2999
3614
3001
3002
2201
3004
3005
2
3007
3008
4924
3010
3011
9454
3013
3014
4130
3016
3017
3656
3019
3020
2528
3022
3023
3018
3025
3026
1019
3028
3029
4159
3031
3032
2414
3034
3035
5390
3037
3038
2411
3040
3041
1931
3043
3044
387
3046
3047
3869
3049
3050
2473
3052
3053
4811
3055
3056
8936
3058
3059
3398
3061
3062
1276
3064
3065
9368
3067
3068
8668
3070
3071
5076
3073
3074
8480
3076
3077
110
3079
3080
289
3082
3083
6214
3085
3086
2141
3088
3089
2250
3091
3092
1674
3094
3095
5790
3097
3098
6019
3100
3101
292
3103
3104
292
3106
3107
9149
3109
3110
8
3112
3113
8895
3115
3116
2323
3118
3119
9183
3121
3122
5798
3124
3125
2559
3127
3128
9629
3130
3131
2307
3133
3134
9614
3136
3137
7210
3139
3140
7165
3142
3143
8622
3145
3146
2033
3148
3149
8082
3151
3152
1969
3154
3155
2416
3157
3158
8209
3160
3161
1426
3163
3164
1269
3166
3167
2407
3169
3170
2083
3172
3173
7847
3175
3176
3763
3178
3179
2163
3181
3182
9896
3184
3185
2305
3187
3188
5275
3190
3191
9834
3193
3194
3340
3196
3197
1690
3199
3200
8560
3202
3203
1292
3205
3206
1070
3208
3209
4838
3211
3212
5699
3214
3215
8585
3217
3218
9361
3220
3221
6348
3223
3224
7764
3226
3227
4130
3229
3230
8483
3232
3233
6644
3235
3236
1878
3238
3239
7294
3241
3242
7724
3244
3245
1441
3247
3248
371
3250
3251
2270
3253
3254
1801
3256
3257
5553
3259
3260
7232
3262
3263
1123
3265
3266
4970
3268
3269
6338
3271
3272
6385
3274
3275
6894
3277
3278
7096
3280
3281
6199
3283
3284
7168
3286
3287
2520
3289
3290
2028
3292
3293
6028
3295
3296
282
3298
3299
4115
3301
3302
5275
3304
3305
6870
3307
3308
4698
3310
3311
1153
3313
3314
1814
3316
3317
15
3319
3320
4315
3322
3323
2723
3325
3326
7778
3328
3329
448
3331
3332
5912
3334
3335
3925
3337
3338
9010
3340
3341
6383
3343
3344
9542
3346
3347
4952
3349
3350
9806
3352
3353
4988
3355
3356
9941
3358
3359
3104
3361
3362
5230
3364
3365
2278
3367
3368
6882
3370
3371
2415
3373
3374
4215
3376
3377
5620
3379
3380
2625
3382
3383
6225
3385
3386
8682
3388
3389
4465
3391
3392
169
3394
3395
602
3397
3398
7401
3400
3401
2247
3403
3404
2976
3406
3407
717
3409
3410
923
3412
3413
9071
3415
3416
2009
3418
3419
7471
3421
3422
1378
3424
3425
5175
3427
3428
8426
3430
3431
3691
3433
3434
9627
3436
3437
965
3439
3440
9043
3442
3443
8902
3445
3446
5094
3448
3449
9308
3451
3452
7788
3454
3455
294
3457
3458
9687
3460
3461
4460
3463
3464
911
3466
3467
4415
3469
3470
1308
3472
3473
3055
3475
3476
5766
3478
3479
3390
3481
3482
8639
3484
3485
1953
3487
3488
934
3490
3491
1881
3493
3494
2878
3496
3497
5632
3499
3500
1964
3502
3503
5638
3505
3506
7034
3508
3509
4517
3511
3512
9430
3514
3515
1436
3517
3518
2749
3520
3521
3088
3523
3524
1893
3526
3527
4599
3529
3530
6511
3532
3533
5963
3535
3536
897
3538
3539
9008
3541
3542
5658
3544
3545
2728
3547
3548
5246
3550
3551
3004
3553
3554
5596
3556
3557
4396
3559
3560
1054
3562
3563
6100
3565
3566
5246
3568
3569
2240
3571
3572
184
3574
3575
2053
3577
3578
5971
3580
3581
3398
3583
3584
1143
3586
3587
9368
3589
3590
2259
3592
3593
9097
3595
3596
6406
3598
3599
7109
3601
3602
921
3604
3605
3912
3607
3608
394
3610
3611
4131
3613
3614
3241
3616
3617
5556
3619
3620
7632
3622
3623
1955
3625
3626
3637
3628
3629
4248
3631
3632
6825
3634
3635
4911
3637
3638
1842
3640
3641
5177
3643
3644
7330
3646
3647
8844
3649
3650
2791
3652
3653
7389
3655
3656
2361
3658
3659
8823
3661
3662
1862
3664
3665
7713
3667
3668
1086
3670
3671
3088
3673
3674
6254
3676
3677
5797
3679
3680
7366
3682
3683
8160
3685
3686
5680
3688
3689
2123
3691
3692
1590
3694
3695
7456
3697
3698
7632
3700
3701
305
3703
3704
5646
3706
3707
7053
3709
3710
2095
3712
3713
1355
3715
3716
1971
3718
3719
6663
3721
3722
8183
3724
3725
1412
3727
3728
4401
3730
3731
7161
3733
3734
9110
3736
3737
5686
3739
3740
9601
3742
3743
6558
3745
3746
4302
3748
3749
2536
3751
3752
5736
3754
3755
1457
3757
3758
1036
3760
3761
9719
3763
3764
1456
3766
3767
197
3769
3770
6568
3772
3773
1641
3775
3776
2027
3778
3779
7031
3781
3782
3932
3784
3785
526
3787
3788
8884
3790
3791
6305
3793
3794
953
3796
3797
6071
3799
3800
89
3802
3803
912
3805
3806
5367
3808
3809
9436
3811
3812
1782
3814
3815
761
3817
3818
1595
3820
3821
1304
3823
3824
9203
3826
3827
1063
3829
3830
8045
3832
3833
5160
3835
3836
3698
3838
3839
2184
3841
3842
1898
3844
3845
7188
3847
3848
81
3850
3851
6553
3853
3854
536
3856
3857
3149
3859
3860
359
3862
3863
2686
3865
3866
7192
3868
3869
1672
3871
3872
5549
3874
3875
2278
3877
3878
161
3880
3881
1369
3883
3884
4665
3886
3887
8879
3889
3890
3403
3892
3893
3540
3895
3896
5555
3898
3899
2870
3901
3902
9768
3904
3905
623
3907
3908
5554
3910
3911
8050
3913
3914
1290
3916
3917
2636
3919
3920
967
3922
3923
2834
3925
3926
1585
3928
3929
214
3931
3932
1805
3934
3935
7363
3937
3938
8851
3940
3941
9722
3943
3944
8462
3946
3947
3110
3949
3950
6017
3952
3953
4760
3955
3956
4634
3958
3959
9922
3961
3962
8216
3964
3965
3194
3967
3968
6980
3970
3971
8342
3973
3974
2629
3976
3977
5285
3979
3980
6925
3982
3983
3233
3985
3986
9005
3988
3989
4365
3991
3992
6341
3994
3995
9302
3997
3998
7132
4000
4001
7613
4003
4004
4014
4006
4007
6234
4009
4010
8956
4012
4013
5767
4015
4016
3588
4018
4019
6208
4021
4022
3320
4024
4025
9337
4027
4028
9418
4030
4031
6567
4033
4034
7169
4036
4037
6770
4039
4040
5335
4042
4043
2114
4045
4046
2721
4048
4049
4259
4051
4052
4433
4054
4055
4104
4057
4058
7390
4060
4061
4536
4063
4064
7832
4066
4067
9949
4069
4070
1953
4072
4073
3081
4075
4076
5894
4078
4079
257
4081
4082
7752
4084
4085
8460
4087
4088
5365
4090
4091
264
4093
4094
1641
4096
4097
1582
4099
4100
6739
4102
4103
7545
4105
4106
2248
4108
4109
1458
4111
4112
658
4114
4115
8602
4117
4118
6427
4120
4121
2889
4123
4124
9810
4126
4127
7101
4129
4130
363
4132
4133
1523
4135
4136
386
4138
4139
3764
4141
4142
1006
4144
4145
452
4147
4148
5988
4150
4151
8570
4153
4154
2275
4156
4157
6746
4159
4160
1010
4162
4163
9973
4165
4166
3869
4168
4169
2974
4171
4172
3422
4174
4175
6438
4177
4178
1140
4180
4181
3993
4183
4184
3550
4186
4187
3331
4189
4190
2600
4192
4193
4505
4195
4196
1079
4198
4199
2584
4201
4202
7559
4204
4205
4885
4207
4208
2697
4210
4211
1113
4213
4214
9201
4216
4217
1405
4219
4220
2332
4222
4223
4635
4225
4226
7915
4228
4229
5429
4231
4232
7465
4234
4235
4708
4237
4238
9121
4240
4241
9555
4243
4244
540
4246
4247
1183
4249
4250
3631
4252
4253
2967
4255
4256
7416
4258
4259
3268
4261
4262
2001
4264
4265
5051
4267
4268
9132
4270
4271
8328
4273
4274
7705
4276
4277
8459
4279
4280
7669
4282
4283
9761
4285
4286
1665
4288
4289
6839
4291
4292
7700
4294
4295
4781
4297
4298
5554
4300
4301
551
4303
4304
9921
4306
4307
2356
4309
4310
7828
4312
4313
62
4315
4316
9648
4318
4319
2138
4321
4322
6343
4324
4325
961
4327
4328
7347
4330
4331
8041
4333
4334
7666
4336
4337
7962
4339
4340
944
4342
4343
943
4345
4346
6489
4348
4349
9064
4351
4352
3813
4354
4355
6676
4357
4358
2324
4360
4361
9577
4363
4364
425
4366
4367
847
4369
4370
878
4372
4373
9307
4375
4376
9732
4378
4379
4489
4381
4382
1148
4384
4385
8144
4387
4388
3346
4390
4391
402
4393
4394
95
4396
4397
6752
4399
4400
1171
4402
4403
7394
4405
4406
8074
4408
4409
1443
4411
4412
2199
4414
4415
8179
4417
4418
2600
4420
4421
8847
4423
4424
4969
4426
4427
8845
4429
4430
5128
4432
4433
1166
4435
4436
2297
4438
4439
8610
4441
4442
1851
4444
4445
7460
4447
4448
9422
4450
4451
716
4453
4454
5936
4456
4457
1456
4459
4460
6316
4462
4463
6211
4465
4466
6669
4468
4469
3313
4471
4472
5906
4474
4475
7203
4477
4478
176
4480
4481
5387
4483
4484
2535
4486
4487
1309
4489
4490
4854
4492
4493
7273
4495
4496
6055
4498
4499
2205
4501
4502
6365
4504
4505
5541
4507
4508
6504
4510
4511
4156
4513
4514
677
4516
4517
3606
4519
4520
7730
4522
4523
1415
4525
4526
9581
4528
4529
377
4531
4532
5774
4534
4535
1616
4537
4538
2219
4540
4541
3300
4543
4544
7629
4546
4547
5124
4549
4550
9051
4552
4553
231
4555
4556
829
4558
4559
5004
4561
4562
7052
4564
4565
2740
4567
4568
9288
4570
4571
6807
4573
4574
1302
4576
4577
2944
4579
4580
333
4582
4583
2200
4585
4586
1169
4588
4589
4154
4591
4592
35
4594
4595
284
4597
4598
8707
4600
4601
1451
4603
4604
9627
4606
4607
7071
4609
4610
536
4612
4613
3551
4615
4616
7190
4618
4619
3727
4621
4622
6983
4624
4625
371
4627
4628
1399
4630
4631
4689
4633
4634
1602
4636
4637
3823
4639
4640
7049
4642
4643
1619
4645
4646
238
4648
4649
2855
4651
4652
1300
4654
4655
642
4657
4658
7204
4660
4661
6412
4663
4664
9901
4666
4667
8653
4669
4670
6663
4672
4673
7064
4675
4676
651
4678
4679
2298
4681
4682
182
4684
4685
8762
4687
4688
8273
4690
4691
6039
4693
4694
8997
4696
4697
8446
4699
4700
1945
4702
4703
3987
4705
4706
3639
4708
4709
2481
4711
4712
1837
4714
4715
5742
4717
4718
1183
4720
4721
8868
4723
4724
1436
4726
4727
5390
4729
4730
9976
4732
4733
1758
4735
4736
2155
4738
4739
2835
4741
4742
3184
4744
4745
919
4747
4748
1146
4750
4751
3838
4753
4754
2108
4756
4757
8642
4759
4760
7465
4762
4763
1773
4765
4766
745
4768
4769
6939
4771
4772
7946
4774
4775
266
4777
4778
6239
4780
4781
7954
4783
4784
5624
4786
4787
1398
4789
4790
714
4792
4793
3206
4795
4796
4377
4798
4799
336
4801
4802
7420
4804
4805
5221
4807
4808
2624
4810
4811
3866
4813
4814
77
4816
4817
3763
4819
4820
1462
4822
4823
6877
4825
4826
8820
4828
4829
5321
4831
4832
2650
4834
4835
1691
4837
4838
2235
4840
4841
3424
4843
4844
1558
4846
4847
1974
4849
4850
2718
4852
4853
4766
4855
4856
5860
4858
4859
9952
4861
4862
8692
4864
4865
864
4867
4868
1681
4870
4871
6530
4873
4874
5186
4876
4877
9609
4879
4880
1105
4882
4883
9201
4885
4886
3532
4888
4889
9818
4891
4892
1155
4894
4895
8845
4897
4898
3581
4900
4901
3155
4903
4904
6358
4906
4907
6492
4909
4910
520
4912
4913
9288
4915
4916
8668
4918
4919
2375
4921
4922
8352
4924
4925
2055
4927
4928
2398
4930
4931
3715
4933
4934
1317
4936
4937
4009
4939
4940
7040
4942
4943
8659
4945
4946
3184
4948
4949
6679
4951
4952
1431
4954
4955
6188
4957
4958
5234
4960
4961
4544
4963
4964
168
4966
4967
7113
4969
4970
4376
4972
4973
2632
4975
4976
8963
4978
4979
1504
4981
4982
8401
4984
4985
1474
4987
4988
7055
4990
4991
612
4993
4994
2562
4996
4997
5922
4999
5000
615
5002
5003
5692
5005
5006
650
5008
5009
2620
5011
5012
2486
5014
5015
3477
5017
5018
290
5020
5021
7761
5023
5024
2191
5026
5027
259
5029
5030
6712
5032
5033
3723
5035
5036
2641
5038
5039
6942
5041
5042
236
5044
5045
1766
5047
5048
6377
5050
5051
4394
5053
5054
2985
5056
5057
3858
5059
5060
2264
5062
5063
6407
5065
5066
7128
5068
5069
2486
5071
5072
6534
5074
5075
2347
5077
5078
6930
5080
5081
1544
5083
5084
166
5086
5087
9564
5089
5090
773
5092
5093
8650
5095
5096
1596
5098
5099
8291
5101
5102
2025
5104
5105
2807
5107
5108
8429
5110
5111
9069
5113
5114
2323
5116
5117
6494
5119
5120
2518
5122
5123
8052
5125
5126
2586
5128
5129
5486
5131
5132
2256
5134
5135
1629
5137
5138
5496
5140
5141
1203
5143
5144
3666
5146
5147
6003
5149
5150
9682
5152
5153
6559
5155
5156
135
5158
5159
3332
5161
5162
1036
5164
5165
4588
5167
5168
1922
5170
5171
2218
5173
5174
8615
5176
5177
801
5179
5180
4655
5182
5183
9693
5185
5186
1661
5188
5189
5796
5191
5192
2428
5194
5195
9255
5197
5198
8558
5200
5201
9072
5203
5204
2552
5206
5207
9177
5209
5210
1947
5212
5213
8871
5215
5216
8026
5218
5219
5804
5221
5222
8227
5224
5225
5161
5227
5228
7557
5230
5231
1434
5233
5234
3165
5236
5237
7189
5239
5240
7659
5242
5243
3357
5245
5246
2645
5248
5249
7806
5251
5252
6496
5254
5255
712
5257
5258
9658
5260
5261
6450
5263
5264
9088
5266
5267
8053
5269
5270
9768
5272
5273
4664
5275
5276
9699
5278
5279
591
5281
5282
9105
5284
5285
7304
5287
5288
8703
5290
5291
3842
5293
5294
9281
5296
5297
2512
5299
5300
6991
5302
5303
1119
5305
5306
1554
5308
5309
8227
5311
5312
3060
5314
5315
4212
5317
5318
8045
5320
5321
484
5323
5324
7993
5326
5327
4059
5329
5330
7874
5332
5333
7412
5335
5336
4107
5338
5339
786
5341
5342
9850
5344
5345
7400
5347
5348
7368
5350
5351
3131
5353
5354
8059
5356
5357
1071
5359
5360
9991
5362
5363
8773
5365
5366
124
5368
5369
419
5371
5372
553
5374
5375
7451
5377
5378
4026
5380
5381
4141
5383
5384
7406
5386
5387
8218
5389
5390
5578
5392
5393
1630
5395
5396
8891
5398
5399
5049
5401
5402
575
5404
5405
9995
5407
5408
6122
5410
5411
420
5413
5414
6030
5416
5417
1064
5419
5420
1859
5422
5423
6650
5425
5426
1297
5428
5429
1657
5431
5432
6762
5434
5435
1833
5437
5438
1625
5440
5441
9781
5443
5444
9321
5446
5447
1845
5449
5450
39
5452
5453
9708
5455
5456
7983
5458
5459
9744
5461
5462
9005
5464
5465
8298
5467
5468
3017
5470
5471
5527
5473
5474
3312
5476
5477
3836
5479
5480
7984
5482
5483
7769
5485
5486
3952
5488
5489
2339
5491
5492
7011
5494
5495
2254
5497
5498
5484
5500
5501
6791
5503
5504
8182
5506
5507
5253
5509
5510
9600
5512
5513
2221
5515
5516
5227
5518
5519
878
5521
5522
1072
5524
5525
6892
5527
5528
8001
5530
5531
9257
5533
5534
649
5536
5537
2332
5539
5540
5002
5542
5543
2639
5545
5546
902
5548
5549
176
5551
5552
577
5554
5555
5552
5557
5558
849
5560
5561
406
5563
5564
1739
5566
5567
2908
5569
5570
5354
5572
5573
9405
5575
5576
4045
5578
5579
9862
5581
5582
8797
5584
5585
2422
5587
5588
5119
5590
5591
5781
5593
5594
7647
5596
5597
6094
5599
5600
8832
5602
5603
7053
5605
5606
2985
5608
5609
5610
5611
5612
250
5614
5615
1247
5617
5618
808
5620
5621
2180
5623
5624
9895
5626
5627
9500
5629
5630
260
5632
5633
8774
5635
5636
2067
5638
5639
1359
5641
5642
4687
5644
5645
1316
5647
5648
7748
5650
5651
7227
5653
5654
2449
5656
5657
6255
5659
5660
840
5662
5663
6050
5665
5666
7282
5668
5669
4887
5671
5672
6126
5674
5675
8313
5677
5678
6855
5680
5681
9840
5683
5684
296
5686
5687
5352
5689
5690
8241
5692
5693
5336
5695
5696
2894
5698
5699
2310
5701
5702
1074
5704
5705
5832
5707
5708
2391
5710
5711
7860
5713
5714
1153
5716
5717
2074
5719
5720
6980
5722
5723
8217
5725
5726
3376
5728
5729
8538
5731
5732
9789
5734
5735
526
5737
5738
1404
5740
5741
4687
5743
5744
6400
5746
5747
7787
5749
5750
1252
5752
5753
7228
5755
5756
8823
5758
5759
1474
5761
5762
4958
5764
5765
8114
5767
5768
1690
5770
5771
617
5773
5774
9991
5776
5777
9961
5779
5780
2933
5782
5783
2446
5785
5786
7178
5788
5789
1278
5791
5792
9354
5794
5795
7799
5797
5798
5570
5800
5801
9359
5803
5804
2122
5806
5807
6423
5809
5810
8723
5812
5813
4917
5815
5816
2416
5818
5819
5816
5821
5822
806
5824
5825
7393
5827
5828
9679
5830
5831
4421
5833
5834
8099
5836
5837
3946
5839
5840
366
5842
5843
6694
5845
5846
7060
5848
5849
7654
5851
5852
9200
5854
5855
5762
5857
5858
8519
5860
5861
5175
5863
5864
665
5866
5867
1792
5869
5870
5189
5872
5873
4488
5875
5876
9502
5878
5879
2447
5881
5882
337
5884
5885
3400
5887
5888
4124
5890
5891
8439
5893
5894
1603
5896
5897
7302
5899
5900
5995
5902
5903
2703
5905
5906
8869
5908
5909
7310
5911
5912
9060
5914
5915
6385
5917
5918
173
5920
5921
1282
5923
5924
2097
5926
5927
5690
5929
5930
5021
5932
5933
5469
5935
5936
4869
5938
5939
9862
5941
5942
2023
5944
5945
964
5947
5948
8796
5950
5951
6636
5953
5954
1301
5956
5957
5950
5959
5960
1603
5962
5963
533
5965
5966
1784
5968
5969
3605
5971
5972
1483
5974
5975
2499
5977
5978
5104
5980
5981
510
5983
5984
2810
5986
5987
1136
5989
5990
6651
5992
5993
949
5995
5996
3875
5998
5999
8068
6001
6002
8449
6004
6005
9644
6007
6008
2231
6010
6011
460
6013
6014
5295
6016
6017
9094
6019
6020
716
6022
6023
7047
6025
6026
6690
6028
6029
9423
6031
6032
365
6034
6035
5186
6037
6038
3415
6040
6041
767
6043
6044
514
6046
6047
1878
6049
6050
8144
6052
6053
8574
6055
6056
5521
6058
6059
9216
6061
6062
4234
6064
6065
6602
6067
6068
3669
6070
6071
882
6073
6074
365
6076
6077
4134
6079
6080
2414
6082
6083
2009
6085
6086
5011
6088
6089
8997
6091
6092
8937
6094
6095
6718
6097
6098
3053
6100
6101
7800
6103
6104
1410
6106
6107
561
6109
6110
9570
6112
6113
517
6115
6116
6983
6118
6119
9570
6121
6122
825
6124
6125
7001
6127
6128
8703
6130
6131
7010
6133
6134
6394
6136
6137
8078
6139
6140
7802
6142
6143
6570
6145
6146
928
6148
6149
2208
6151
6152
362
6154
6155
505
6157
6158
7649
6160
6161
7404
6163
6164
9699
6166
6167
8708
6169
6170
977
6172
6173
2363
6175
6176
2399
6178
6179
3626
6181
6182
9939
6184
6185
9246
6187
6188
2134
6190
6191
2918
6193
6194
9778
6196
6197
4218
6199
6200
7468
6202
6203
8424
6205
6206
8751
6208
6209
6486
6211
6212
2890
6214
6215
4405
6217
6218
4956
6220
6221
3186
6223
6224
4194
6226
6227
1662
6229
6230
8473
6232
6233
3018
6235
6236
1885
6238
6239
9695
6241
6242
9196
6244
6245
7035
6247
6248
999
6250
6251
2441
6253
6254
1190
6256
6257
118
6259
6260
8222
6262
6263
2690
6265
6266
6068
6268
6269
4307
6271
6272
6390
6274
6275
538
6277
6278
3203
6280
6281
6903
6283
6284
497
6286
6287
9298
6289
6290
1688
6292
6293
9593
6295
6296
9277
6298
6299
2233
6301
6302
3710
6304
6305
1505
6307
6308
9278
6310
6311
5527
6313
6314
9809
6316
6317
5683
6319
6320
2542
6322
6323
3613
6325
6326
9515
6328
6329
8651
6331
6332
66
6334
6335
7532
6337
6338
9533
6340
6341
7032
6343
6344
9231
6346
6347
582
6349
6350
209
6352
6353
718
6355
6356
3964
6358
6359
4066
6361
6362
733
6364
6365
7334
6367
6368
474
6370
6371
6515
6373
6374
8299
6376
6377
121
6379
6380
1602
6382
6383
1323
6385
6386
6118
6388
6389
8414
6391
6392
1565
6394
6395
3852
6397
6398
5975
6400
6401
5792
6403
6404
4762
6406
6407
2512
6409
6410
2081
6412
6413
4291
6415
6416
1915
6418
6419
393
6421
6422
42
6424
6425
9912
6427
6428
193
6430
6431
9195
6433
6434
7259
6436
6437
7199
6439
6440
1018
6442
6443
4169
6445
6446
9642
6448
6449
2588
6451
6452
2199
6454
6455
5213
6457
6458
1574
6460
6461
9837
6463
6464
9363
6466
6467
3468
6469
6470
7234
6472
6473
6156
6475
6476
6337
6478
6479
1754
6481
6482
6374
6484
6485
3424
6487
6488
4293
6490
6491
2665
6493
6494
3890
6496
6497
8664
6499
6500
1270
6502
6503
536
6505
6506
5508
6508
6509
8763
6511
6512
4642
6514
6515
7674
6517
6518
156
6520
6521
9145
6523
6524
8963
6526
6527
2163
6529
6530
9198
6532
6533
5255
6535
6536
7552
6538
6539
7194
6541
6542
1240
6544
6545
9289
6547
6548
8743
6550
6551
4108
6553
6554
1157
6556
6557
4000
6559
6560
3001
6562
6563
6366
6565
6566
8209
6568
6569
9670
6571
6572
3367
6574
6575
21
6577
6578
7262
6580
6581
8392
6583
6584
1580
6586
6587
4505
6589
6590
3686
6592
6593
9620
6595
6596
4042
6598
6599
2071
6601
6602
2562
6604
6605
8178
6607
6608
9978
6610
6611
342
6613
6614
5082
6616
6617
3336
6619
6620
2542
6622
6623
1212
6625
6626
5374
6628
6629
1016
6631
6632
8650
6634
6635
1794
6637
6638
8484
6640
6641
3485
6643
6644
5490
6646
6647
3253
6649
6650
9091
6652
6653
262
6655
6656
2725
6658
6659
8319
6661
6662
9008
6664
6665
2738
6667
6668
203
6670
6671
1781
6673
6674
2327
6676
6677
8109
6679
6680
7242
6682
6683
6114
6685
6686
2252
6688
6689
2794
6691
6692
6095
6694
6695
5189
6697
6698
8914
6700
6701
7105
6703
6704
6876
6706
6707
8038
6709
6710
7932
6712
6713
9642
6715
6716
8717
6718
6719
6718
6721
6722
2850
6724
6725
9787
6727
6728
3823
6730
6731
7623
6733
6734
599
6736
6737
8015
6739
6740
7650
6742
6743
3522
6745
6746
952
6748
6749
88
6751
6752
2334
6754
6755
1656
6757
6758
2535
6760
6761
9302
6763
6764
2133
6766
6767
2131
6769
6770
6617
6772
6773
8392
6775
6776
9256
6778
6779
1758
6781
6782
7756
6784
6785
4194
6787
6788
9292
6790
6791
3562
6793
6794
7277
6796
6797
3904
6799
6800
8446
6802
6803
1314
6805
6806
1402
6808
6809
4330
6811
6812
8581
6814
6815
7425
6817
6818
4659
6820
6821
7896
6823
6824
2279
6826
6827
8019
6829
6830
8534
6832
6833
360
6835
6836
2671
6838
6839
4153
6841
6842
5516
6844
6845
5966
6847
6848
7021
6850
6851
3457
6853
6854
9582
6856
6857
6251
6859
6860
526
6862
6863
5158
6865
6866
1147
6868
6869
8849
6871
6872
2525
6874
6875
9379
6877
6878
4558
6880
6881
5541
6883
6884
506
6886
6887
3694
6889
6890
9100
6892
6893
7958
6895
6896
7498
6898
6899
5474
6901
6902
1611
6904
6905
6606
6907
6908
5472
6910
6911
9373
6913
6914
5338
6916
6917
9926
6919
6920
7387
6922
6923
5532
6925
6926
7292
6928
6929
5407
6931
6932
5151
6934
6935
6148
6937
6938
4134
6940
6941
4174
6943
6944
4440
6946
6947
4483
6949
6950
7756
6952
6953
9576
6955
6956
1757
6958
6959
1621
6961
6962
1207
6964
6965
4575
6967
6968
1649
6970
6971
3371
6973
6974
9370
6976
6977
2123
6979
6980
5456
6982
6983
7689
6985
6986
1797
6988
6989
6908
6991
6992
1000
6994
6995
9503
6997
6998
1497
7000
7001
7550
7003
7004
7109
7006
7007
4203
7009
7010
2620
7012
7013
7022
7015
7016
4978
7018
7019
4700
7021
7022
9760
7024
7025
2685
7027
7028
6396
7030
7031
7178
7033
7034
8592
7036
7037
9251
7039
7040
6409
7042
7043
1940
7045
7046
858
7048
7049
5446
7051
7052
1050
7054
7055
9578
7057
7058
819
7060
7061
7226
7063
7064
5389
7066
7067
5645
7069
7070
1255
7072
7073
4939
7075
7076
7638
7078
7079
2179
7081
7082
1520
7084
7085
2185
7087
7088
5614
7090
7091
1599
7093
7094
6346
7096
7097
2883
7099
7100
6220
7102
7103
6385
7105
7106
6820
7108
7109
8584
7111
7112
9508
7114
7115
970
7117
7118
1177
7120
7121
3593
7123
7124
2093
7126
7127
6674
7129
7130
9408
7132
7133
6755
7135
7136
1672
7138
7139
7790
7141
7142
6736
7144
7145
4668
7147
7148
6941
7150
7151
7148
7153
7154
9976
7156
7157
3948
7159
7160
2200
7162
7163
6256
7165
7166
1630
7168
7169
9630
7171
7172
3860
7174
7175
7700
7177
7178
1463
7180
7181
9014
7183
7184
7702
7186
7187
9180
7189
7190
7639
7192
7193
8501
7195
7196
8846
7198
7199
3224
7201
7202
3145
7204
7205
5035
7207
7208
666
7210
7211
77
7213
7214
4672
7216
7217
5244
7219
7220
5707
7222
7223
2438
7225
7226
4143
7228
7229
3271
7231
7232
5899
7234
7235
7671
7237
7238
3894
7240
7241
2691
7243
7244
207
7246
7247
819
7249
7250
2942
7252
7253
5674
7255
7256
234
7258
7259
14
7261
7262
5336
7264
7265
939
7267
7268
4243
7270
7271
4853
7273
7274
8016
7276
7277
2570
7279
7280
5016
7282
7283
1644
7285
7286
904
7288
7289
2171
7291
7292
1570
7294
7295
392
7297
7298
9378
7300
7301
5055
7303
7304
9530
7306
7307
367
7309
7310
1261
7312
7313
1086
7315
7316
1245
7318
7319
637
7321
7322
6324
7324
7325
6406
7327
7328
7228
7330
7331
3673
7333
7334
3188
7336
7337
5138
7339
7340
6007
7342
7343
9911
7345
7346
9949
7348
7349
7135
7351
7352
6268
7354
7355
5406
7357
7358
1258
7360
7361
3787
7363
7364
9450
7366
7367
1532
7369
7370
1844
7372
7373
126
7375
7376
5002
7378
7379
9305
7381
7382
9556
7384
7385
1838
7387
7388
7056
7390
7391
8090
7393
7394
968
7396
7397
6653
7399
7400
6879
7402
7403
3239
7405
7406
6008
7408
7409
7510
7411
7412
3259
7414
7415
1967
7417
7418
5449
7420
7421
4793
7423
7424
2419
7426
7427
5402
7429
7430
3361
7432
7433
6738
7435
7436
4510
7438
7439
6576
7441
7442
2732
7444
7445
1312
7447
7448
2308
7450
7451
2904
7453
7454
1711
7456
7457
6037
7459
7460
3457
7462
7463
2307
7465
7466
4043
7468
7469
7210
7471
7472
2038
7474
7475
7226
7477
7478
4901
7480
7481
7317
7483
7484
8513
7486
7487
420
7489
7490
5939
7492
7493
7789
7495
7496
3182
7498
7499
1005
7501
7502
7401
7504
7505
13
7507
7508
5150
7510
7511
8260
7513
7514
8052
7516
7517
8087
7519
7520
3462
7522
7523
612
7525
7526
2743
7528
7529
5163
7531
7532
9195
7534
7535
5798
7537
7538
1765
7540
7541
6680
7543
7544
7293
7546
7547
2196
7549
7550
1358
7552
7553
9122
7555
7556
3553
7558
7559
7968
7561
7562
1053
7564
7565
7605
7567
7568
196
7570
7571
9686
7573
7574
7825
7576
7577
5833
7579
7580
9692
7582
7583
3248
7585
7586
2747
7588
7589
2982
7591
7592
305
7594
7595
5193
7597
7598
6279
7600
7601
7034
7603
7604
860
7606
7607
8644
7609
7610
3871
7612
7613
6969
7615
7616
3743
7618
7619
1806
7621
7622
7548
7624
7625
9956
7627
7628
4086
7630
7631
5393
7633
7634
9022
7636
7637
1037
7639
7640
1548
7642
7643
9418
7645
7646
1678
7648
7649
7417
7651
7652
4801
7654
7655
8749
7657
7658
1442
7660
7661
6119
7663
7664
7706
7666
7667
1879
7669
7670
9873
7672
7673
2017
7675
7676
425
7678
7679
6341
7681
7682
1351
7684
7685
545
7687
7688
2575
7690
7691
6547
7693
7694
1371
7696
7697
6118
7699
7700
9343
7702
7703
7847
7705
7706
4144
7708
7709
5910
7711
7712
9109
7714
7715
7936
7717
7718
9113
7720
7721
5302
7723
7724
2055
7726
7727
8777
7729
7730
7984
7732
7733
3208
7735
7736
5099
7738
7739
7154
7741
7742
344
7744
7745
9940
7747
7748
1113
7750
7751
9409
7753
7754
9121
7756
7757
1354
7759
7760
2498
7762
7763
980
7765
7766
9405
7768
7769
2374
7771
7772
8321
7774
7775
9530
7777
7778
3217
7780
7781
4277
7783
7784
1249
7786
7787
2259
7789
7790
5453
7792
7793
520
7795
7796
8399
7798
7799
3430
7801
7802
1616
7804
7805
2103
7807
7808
6801
7810
7811
4402
7813
7814
1125
7816
7817
5560
7819
7820
3751
7822
7823
9430
7825
7826
2563
7828
7829
4736
7831
7832
433
7834
7835
2740
7837
7838
7380
7840
7841
3112
7843
7844
1410
7846
7847
307
7849
7850
5667
7852
7853
163
7855
7856
3891
7858
7859
1685
7861
7862
5436
7864
7865
6352
7867
7868
4299
7870
7871
2713
7873
7874
8543
7876
7877
1771
7879
7880
8973
7882
7883
4274
7885
7886
261
7888
7889
7065
7891
7892
9139
7894
7895
1319
7897
7898
534
7900
7901
2068
7903
7904
3754
7906
7907
1356
7909
7910
5162
7912
7913
6963
7915
7916
7597
7918
7919
1968
7921
7922
9246
7924
7925
3725
7927
7928
8662
7930
7931
4425
7933
7934
9626
7936
7937
5231
7939
7940
691
7942
7943
4637
7945
7946
9697
7948
7949
429
7951
7952
9206
7954
7955
1298
7957
7958
9336
7960
7961
2502
7963
7964
2591
7966
7967
1385
7969
7970
6266
7972
7973
8875
7975
7976
861
7978
7979
8214
7981
7982
1579
7984
7985
5520
7987
7988
7683
7990
7991
7507
7993
7994
8348
7996
7997
580
7999
8000
3832
8002
8003
9862
8005
8006
5150
8008
8009
8686
8011
8012
866
8014
8015
2768
8017
8018
4955
8020
8021
2073
8023
8024
3363
8026
8027
2439
8029
8030
4577
8032
8033
7537
8035
8036
7268
8038
8039
1190
8041
8042
5792
8044
8045
6590
8047
8048
8849
8050
8051
4643
8053
8054
359
8056
8057
9552
8059
8060
742
8062
8063
6642
8065
8066
6826
8068
8069
7996
8071
8072
8953
8074
8075
3384
8077
8078
5846
8080
8081
5831
8083
8084
1767
8086
8087
5283
8089
8090
4008
8092
8093
3439
8095
8096
3363
8098
8099
200
8101
8102
139
8104
8105
3474
8107
8108
1372
8110
8111
2108
8113
8114
8112
8116
8117
4393
8119
8120
5039
8122
8123
8999
8125
8126
7619
8128
8129
373
8131
8132
9997
8134
8135
8822
8137
8138
43
8140
8141
5806
8143
8144
3999
8146
8147
5760
8149
8150
114
8152
8153
8104
8155
8156
6838
8158
8159
2412
8161
8162
9398
8164
8165
4262
8167
8168
2215
8170
8171
6609
8173
8174
1856
8176
8177
1507
8179
8180
4136
8182
8183
1837
8185
8186
3507
8188
8189
4703
8191
8192
4532
8194
8195
170
8197
8198
1527
8200
8201
5318
8203
8204
7477
8206
8207
4798
8209
8210
1414
8212
8213
1864
8215
8216
1123
8218
8219
7234
8221
8222
950
8224
8225
1492
8227
8228
1047
8230
8231
1989
8233
8234
7273
8236
8237
9030
8239
8240
4453
8242
8243
5138
8245
8246
9793
8248
8249
1699
8251
8252
9514
8254
8255
2687
8257
8258
1896
8260
8261
4899
8263
8264
3778
8266
8267
1159
8269
8270
751
8272
8273
7310
8275
8276
845
8278
8279
1659
8281
8282
3269
8284
8285
2218
8287
8288
290
8290
8291
5716
8293
8294
1370
8296
8297
9012
8299
8300
853
8302
8303
9548
8305
8306
7989
8308
8309
9452
8311
8312
437
8314
8315
2254
8317
8318
7427
8320
8321
6054
8323
8324
361
8326
8327
747
8329
8330
3809
8332
8333
1006
8335
8336
9709
8338
8339
2479
8341
8342
6780
8344
8345
220
8347
8348
3479
8350
8351
4291
8353
8354
3734
8356
8357
4312
8359
8360
6463
8362
8363
1220
8365
8366
1564
8368
8369
8800
8371
8372
4030
8374
8375
2067
8377
8378
3990
8380
8381
4856
8383
8384
6678
8386
8387
4766
8389
8390
8542
8392
8393
7825
8395
8396
6482
8398
8399
9600
8401
8402
773
8404
8405
7613
8407
8408
2575
8410
8411
3925
8413
8414
2258
8416
8417
3858
8419
8420
3964
8422
8423
2448
8425
8426
4716
8428
8429
4733
8431
8432
8958
8434
8435
1168
8437
8438
2506
8440
8441
6489
8443
8444
1223
8446
8447
7952
8449
8450
5833
8452
8453
1776
8455
8456
23
8458
8459
8494
8461
8462
8446
8464
8465
7248
8467
8468
3604
8470
8471
8751
8473
8474
5101
8476
8477
2514
8479
8480
7734
8482
8483
4465
8485
8486
5337
8488
8489
1367
8491
8492
9894
8494
8495
6561
8497
8498
5901
8500
8501
5060
8503
8504
217
8506
8507
7485
8509
8510
5770
8512
8513
4880
8515
8516
1191
8518
8519
2812
8521
8522
1026
8524
8525
4236
8527
8528
16
8530
8531
2109
8533
8534
6293
8536
8537
7970
8539
8540
4081
8542
8543
3390
8545
8546
2313
8548
8549
6512
8551
8552
3907
8554
8555
8367
8557
8558
671
8560
8561
8567
8563
8564
5558
8566
8567
4694
8569
8570
4771
8572
8573
575
8575
8576
1660
8578
8579
1171
8581
8582
3637
8584
8585
4958
8587
8588
7160
8590
8591
9334
8593
8594
1014
8596
8597
2601
8599
8600
8505
8602
8603
8464
8605
8606
3413
8608
8609
970
8611
8612
4690
8614
8615
392
8617
8618
811
8620
8621
4562
8623
8624
1468
8626
8627
4351
8629
8630
5347
8632
8633
6768
8635
8636
5629
8638
8639
1462
8641
8642
1566
8644
8645
1539
8647
8648
1723
8650
8651
8206
8653
8654
4325
8656
8657
3309
8659
8660
892
8662
8663
1247
8665
8666
5441
8668
8669
6520
8671
8672
816
8674
8675
4926
8677
8678
440
8680
8681
7485
8683
8684
433
8686
8687
729
8689
8690
8024
8692
8693
995
8695
8696
2281
8698
8699
6069
8701
8702
5753
8704
8705
8613
8707
8708
2117
8710
8711
3802
8713
8714
5342
8716
8717
4552
8719
8720
7753
8722
8723
1692
8725
8726
1997
8728
8729
2395
8731
8732
1060
8734
8735
1390
8737
8738
719
8740
8741
9199
8743
8744
1237
8746
8747
9058
8749
8750
4458
8752
8753
3897
8755
8756
2222
8758
8759
2596
8761
8762
9981
8764
8765
7781
8767
8768
24
8770
8771
520
8773
8774
5099
8776
8777
6317
8779
8780
2408
8782
8783
5313
8785
8786
6507
8788
8789
4795
8791
8792
544
8794
8795
3188
8797
8798
5711
8800
8801
1708
8803
8804
7209
8806
8807
27
8809
8810
7397
8812
8813
8533
8815
8816
3007
8818
8819
9918
8821
8822
2619
8824
8825
6234
8827
8828
573
8830
8831
1391
8833
8834
8406
8836
8837
9020
8839
8840
5451
8842
8843
3957
8845
8846
7395
8848
8849
8467
8851
8852
9941
8854
8855
5756
8857
8858
1071
8860
8861
8349
8863
8864
5502
8866
8867
6427
8869
8870
4853
8872
8873
5158
8875
8876
3557
8878
8879
8790
8881
8882
1383
8884
8885
5112
8887
8888
1991
8890
8891
2996
8893
8894
1327
8896
8897
1556
8899
8900
9781
8902
8903
8884
8905
8906
1254
8908
8909
7394
8911
8912
3831
8914
8915
2956
8917
8918
5316
8920
8921
5382
8923
8924
5984
8926
8927
9122
8929
8930
1993
8932
8933
9859
8935
8936
5988
8938
8939
2382
8941
8942
123
8944
8945
1492
8947
8948
2216
8950
8951
5039
8953
8954
4593
8956
8957
473
8959
8960
5930
8962
8963
334
8965
8966
4832
8968
8969
655
8971
8972
8737
8974
8975
9696
8977
8978
2468
8980
8981
5779
8983
8984
2245
8986
8987
4047
8989
8990
8529
8992
8993
6872
8995
8996
7425
8998
8999
251
9001
9002
2698
9004
9005
7511
9007
9008
8216
9010
9011
2253
9013
9014
6706
9016
9017
502
9019
9020
8582
9022
9023
1229
9025
9026
4817
9028
9029
1596
9031
9032
9705
9034
9035
3029
9037
9038
4745
9040
9041
7620
9043
9044
8832
9046
9047
1429
9049
9050
697
9052
9053
2960
9055
9056
1378
9058
9059
4680
9061
9062
6978
9064
9065
1328
9067
9068
9506
9070
9071
3863
9073
9074
9385
9076
9077
7188
9079
9080
5554
9082
9083
2412
9085
9086
2828
9088
9089
5470
9091
9092
8278
9094
9095
6842
9097
9098
7945
9100
9101
1819
9103
9104
1082
9106
9107
171
9109
9110
9595
9112
9113
5203
9115
9116
1270
9118
9119
1034
9121
9122
4485
9124
9125
2366
9127
9128
2081
9130
9131
3810
9133
9134
8484
9136
9137
8906
9139
9140
4580
9142
9143
4902
9145
9146
2737
9148
9149
7339
9151
9152
7152
9154
9155
51
9157
9158
3892
9160
9161
338
9163
9164
1810
9166
9167
1027
9169
9170
7727
9172
9173
754
9175
9176
9702
9178
9179
611
9181
9182
394
9184
9185
8110
9187
9188
9323
9190
9191
2504
9193
9194
250
9196
9197
8742
9199
9200
9814
9202
9203
6589
9205
9206
3608
9208
9209
500
9211
9212
7496
9214
9215
9151
9217
9218
7343
9220
9221
1330
9223
9224
3828
9226
9227
1853
9229
9230
8150
9232
9233
9279
9235
9236
7564
9238
9239
9338
9241
9242
1103
9244
9245
1698
9247
9248
7179
9250
9251
1782
9253
9254
526
9256
9257
1021
9259
9260
3833
9262
9263
5452
9265
9266
1822
9268
9269
3381
9271
9272
2794
9274
9275
4845
9277
9278
9745
9280
9281
193
9283
9284
5320
9286
9287
2844
9289
9290
7143
9292
9293
3266
9295
9296
3186
9298
9299
2299
9301
9302
9025
9304
9305
9282
9307
9308
1253
9310
9311
3494
9313
9314
1237
9316
9317
1439
9319
9320
9818
9322
9323
734
9325
9326
1205
9328
9329
74
9331
9332
1968
9334
9335
5914
9337
9338
9387
9340
9341
5147
9343
9344
7852
9346
9347
4425
9349
9350
9720
9352
9353
1352
9355
9356
8142
9358
9359
7002
9361
9362
270
9364
9365
8534
9367
9368
3701
9370
9371
6064
9373
9374
8986
9376
9377
8991
9379
9380
1574
9382
9383
7376
9385
9386
3814
9388
9389
5860
9391
9392
2441
9394
9395
77
9397
9398
5709
9400
9401
1845
9403
9404
7076
9406
9407
5878
9409
9410
4449
9412
9413
3902
9415
9416
1852
9418
9419
478
9421
9422
7465
9424
9425
2804
9427
9428
6985
9430
9431
4172
9433
9434
8223
9436
9437
2289
9439
9440
2490
9442
9443
6212
9445
9446
1130
9448
9449
3948
9451
9452
6777
9454
9455
1142
9457
9458
4870
9460
9461
701
9463
9464
9920
9466
9467
8901
9469
9470
9645
9472
9473
1951
9475
9476
6699
9478
9479
2907
9481
9482
5264
9484
9485
3559
9487
9488
208
9490
9491
6379
9493
9494
4182
9496
9497
356
9499
9500
5581
9502
9503
8183
9505
9506
601
9508
9509
951
9511
9512
3121
9514
9515
3091
9517
9518
1868
9520
9521
853
9523
9524
654
9526
9527
3721
9529
9530
8673
9532
9533
7050
9535
9536
5805
9538
9539
7359
9541
9542
5067
9544
9545
8833
9547
9548
3394
9550
9551
6166
9553
9554
1696
9556
9557
7089
9559
9560
8641
9562
9563
2740
9565
9566
65
9568
9569
1162
9571
9572
5394
9574
9575
1845
9577
9578
2461
9580
9581
6113
9583
9584
1585
9586
9587
2413
9589
9590
1778
9592
9593
5463
9595
9596
7929
9598
9599
2353
9601
9602
5445
9604
9605
8609
9607
9608
7585
9610
9611
9798
9613
9614
1701
9616
9617
9476
9619
9620
4327
9622
9623
9770
9625
9626
8843
9628
9629
6079
9631
9632
509
9634
9635
4530
9637
9638
9732
9640
9641
7901
9643
9644
9426
9646
9647
3204
9649
9650
5554
9652
9653
9771
9655
9656
3986
9658
9659
7878
9661
9662
9248
9664
9665
583
9667
9668
128
9670
9671
2198
9673
9674
2340
9676
9677
5370
9679
9680
8595
9682
9683
8603
9685
9686
2026
9688
9689
8616
9691
9692
5822
9694
9695
5932
9697
9698
79
9700
9701
8389
9703
9704
2293
9706
9707
5504
9709
9710
4907
9712
9713
9641
9715
9716
1597
9718
9719
4821
9721
9722
5571
9724
9725
2583
9727
9728
7939
9730
9731
6373
9733
9734
141
9736
9737
5995
9739
9740
6848
9742
9743
3446
9745
9746
9989
9748
9749
8002
9751
9752
9771
9754
9755
6593
9757
9758
8544
9760
9761
2655
9763
9764
9455
9766
9767
9270
9769
9770
8879
9772
9773
3131
9775
9776
4654
9778
9779
3517
9781
9782
6966
9784
9785
4204
9787
9788
7047
9790
9791
2064
9793
9794
6029
9796
9797
5594
9799
9800
2292
9802
9803
9863
9805
9806
3479
9808
9809
1422
9811
9812
439
9814
9815
5284
9817
9818
1666
9820
9821
5259
9823
9824
9126
9826
9827
7984
9829
9830
9198
9832
9833
7057
9835
9836
3716
9838
9839
9222
9841
9842
49
9844
9845
367
9847
9848
3970
9850
9851
383
9853
9854
1658
9856
9857
7850
9859
9860
6934
9862
9863
9501
9865
9866
9252
9868
9869
7756
9871
9872
5643
9874
9875
6011
9877
9878
366
9880
9881
4030
9883
9884
7161
9886
9887
3957
9889
9890
6329
9892
9893
2088
9895
9896
1255
9898
9899
6213
9901
9902
8369
9904
9905
2296
9907
9908
1069
9910
9911
4861
9913
9914
4207
9916
9917
2130
9919
9920
9263
9922
9923
8140
9925
9926
463
9928
9929
7976
9931
9932
8631
9934
9935
7386
9937
9938
3982
9940
9941
938
9943
9944
4257
9946
9947
7190
9949
9950
182
9952
9953
7887
9955
9956
7742
9958
9959
6627
9961
9962
4908
9964
9965
1396
9967
9968
4369
9970
9971
5854
9973
9974
7273
9976
9977
4532
9979
9980
7806
9982
9983
419
9985
9986
5513
9988
9989
9689
9991
9992
8084
9994
9995
7104
9997
9998
9999