12
12
12
12
12
13
13
13
16
16
16
16
16
16
18
18
18
18
18
18
19
19
19
19
19
19
19
19
19
19
21
21
21
21
21
21
21
24
24
24
24
24
24
24
24
24
24
28
28
28
28
28
28
28
28
28
28
28
32
32
32
32
32
32
33
33
33
33
40
40
44
44
44
44
44
44
44
44
44
45
45
45
45
45
52
56
60
60
60
60
60
60
60
60
60
60
60
60
60
60
60
62
62
62
62
62
62
62
62
62
62
63
63
63
63
63
63
66
66
66
66
66
66
66
66
66
66
66
68
68
68
69
69
69
69
78
78
78
78
78
78
78
78
78
78
79
79
79
86
86
86
86
86
86
86
88
88
90
90
90
90
90
90
90
90
92
92
92
104
104
104
104
104
104
104
104
104
104
105
105
105
105
105
106
106
106
106
108
108
108
110
110
110
110
110
110
110
110
111
111
111
111
112
112
112
112
112
112
125
125
125
125
125
125
125
125
128
128
128
130
130
130
130
131
131
131
131
140
140
140
140
140
140
140
140
140
141
141
141
141
141
141
152
152
152
152
152
152
152
157
157
157
158
158
158
164
164
164
164
170
170
170
170
170
170
170
194
194
199
199
199
199
199
199
199
201
201
201
201
201
201
201
201
201
207
207
207
207
207
207
207
207
215
215
215
215
217
217
217
217
217
217
217
217
220
220
220
220
221
221
221
221
221
223
223
250
250
250
254
254
254
254
254
256
256
256
256
259
259
259
259
259
259
259
259
259
261
261
261
261
263
263
263
263
277
277
277
277
277
279
279
279
279
279
279
279
279
280
280
280
280
280
280
284
284
284
284
284
284
287
287
287
287
287
290
290
290
290
291
291
291
296
296
296
296
296
296
296
302
302
302
302
302
302
302
302
307
307
307
307
309
309
309
309
309
309
309
309
312
312
312
312
312
314
314
314
317
317
317
317
317
317
332
332
332
332
342
342
342
342
342
346
346
346
346
346
346
346
346
346
346
346
346
346
346
346
348
348
348
348
348
348
348
349
349
349
349
355
355
355
357
357
357
357
358
358
358
358
358
358
358
369
369
369
369
369
369
369
369
369
369
371
371
371
371
371
371
372
372
372
372
372
372
375
375
375
375
375
375
377
377
377
377
377
377
377
379
379
379
379
379
379
387
387
387
387
387
387
387
387
387
388
388
388
388
388
388
389
389
389
389
389
389
391
391
391
391
394
394
394
394
394
394
397
397
397
397
397
397
405
405
405
405
405
405
405
405
405
405
405
405
405
405
405
405
406
406
406
406
415
415
415
415
417
417
417
417
417
417
422
422
422
422
422
422
422
422
422
422
422
425
425
425
425
425
428
428
429
429
429
441
441
441
441
441
446
446
446
446
446
446
446
446
447
447
447
447
447
447
449
449
449
449
449
449
449
452
452
452
452
453
453
453
453
453
453
453
453
453
454
454
454
454
454
454
454
465
465
465
465
465
465
465
467
467
467
467
467
469
469
469
469
469
469
469
469
469
469
476
476
476
476
476
476
480
480
480
480
480
481
481
481
481
495
495
495
495
495
495
500
500
500
501
501
501
501
501
501
501
504
504
504
504
504
504
510
510
510
510
510
510
510
510
510
512
512
512
512
512
514
514
514
514
514
514
514
514
514
514
522
522
522
522
522
530
530
530
530
530
541
541
541
541
541
542
542
542
542
542
542
542
544
544
544
544
550
550
550
554
554
554
554
555
555
555
555
555
559
565
565
565
566
566
566
566
566
566
566
566
570
570
570
570
577
577
577
577
583
583
583
585
585
585
585
585
590
590
590
590
590
590
590
599
599
599
599
599
599
604
604
604
604
604
606
606
606
607
607
607
607
607
607
607
609
609
609
609
609
609
612
612
612
612
634
634
634
634
634
648
648
648
648
649
649
649
649
649
650
650
650
650
650
650
650
652
652
652
655
655
655
655
655
659
659
664
664
664
664
669
669
669
669
676
676
676
676
676
676
676
676
680
680
680
680
680
680
680
680
682
682
682
692
692
692
692
692
692
692
701
701
701
701
701
701
701
701
708
708
708
708
708
709
709
709
709
710
710
715
715
715
715
715
723
723
723
723
723
729
729
729
729
734
734
736
736
736
736
736
736
736
736
741
741
741
741
741
744
744
744
744
744
752
752
752
752
755
755
755
755
757
757
757
757
757
757
760
760
760
760
760
760
760
762
762
762
762
762
762
772
772
772
772
772
772
772
774
774
774
776
776
776
776
776
777
777
777
777
779
779
779
779
779
779
779
780
780
780
780
780
780
780
780
780
784
784
784
784
784
784
784
784
784
784
784
784
784
784
785
785
785
785
785
785
785
785
785
785
785
785
786
786
786
786
786
787
787
787
787
787
789
789
789
789
789
795
795
795
795
795
796
796
796
796
796
796
796
796
798
798
798
798
800
800
800
800
800
800
800
800
800
800
807
807
807
807
807
807
812
812
813
813
813
813
813
813
813
813
815
815
815
816
816
816
816
816
818
818
818
818
819
819
819
819
819
821
821
821
821
821
821
821
822
822
822
822
822
822
822
822
822
822
822
822
827
827
827
827
827
828
828
828
828
828
828
828
828
828
829
829
829
829
829
829
829
829
829
829
830
830
830
830
834
834
834
834
834
835
835
835
835
835
835
835
838
838
838
838
838
838
839
839
839
839
842
842
842
842
842
842
848
848
848
848
848
848
848
853
853
853
853
853
853
853
853
853
853
861
861
861
861
861
861
861
861
861
861
861
861
861
863
863
863
863
863
866
866
866
868
868
872
872
872
872
872
872
875
875
875
875
875
878
878
878
878
878
878
878
878
882
882
882
882
882
882
882
882
882
882
882
882
882
886
886
887
887
887
887
887
887
887
887
887
887
887
891
891
891
894
894
894
894
894
896
896
896
896
896
896
896
896
898
898
898
898
898
898
898
904
904
904
904
904
906
906
906
906
906
906
906
906
906
906
909
909
909
909
918
918
918
918
918
918
918
918
919
919
919
919
919
919
919
919
919
919
919
919
919
920
920
920
920
920
920
920
920
921
921
921
925
925
925
925
926
926
926
934
934
934
934
935
936
936
936
936
936
939
939
939
939
939
939
944
944
944
946
946
946
946
946
946
946
946
946
973
973
973
973
973
976
976
976
976
981
981
981
981
981
981
981
981
981
981
981
981
981
981
981
983
983
983
983
985
985
985
985
985
988
988
988
988
992
992
992
992
992
999
999
999
999
999
999
999
1000
1000
1000
1000
1006
1006
1006
1006
1006
1006
1006
1006
1006
1007
1007
1007
1009
1009
1009
1009
1009
1009
1009
1014
1014
1014
1014
1032
1032
1032
1032
1032
1032
1033
1033
1033
1037
1037
1037
1037
1039
1039
1039
1039
1039
1039
1039
1040
1040
1040
1040
1040
1040
1045
1045
1045
1045
1048
1048
1048
1048
1048
1052
1052
1052
1052
1052
1052
1052
1053
1053
1053
1053
1053
1053
1056
1056
1056
1056
1058
1058
1058
1058
1058
1060
1060
1060
1060
1060
1061
1061
1061
1061
1061
1062
1062
1062
1064
1064
1064
1064
1064
1064
1070
1070
1070
1070
1073
1073
1073
1073
1079
1079
1079
1079
1079
1084
1084
1084
1088
1088
1088
1088
1088
1088
1096
1096
1096
1097
1097
1097
1097
1097
1098
1098
1099
1099
1100
1100
1100
1100
1100
1100
1100
1100
1100
1102
1102
1102
1102
1102
1102
1102
1111
1111
1112
1112
1112
1112
1113
1113
1113
1118
1118
1118
1118
1118
1118
1118
1118
1118
1118
1118
1118
1118
1120
1120
1120
1120
1128
1128
1128
1128
1128
1128
1128
1128
1128
1131
1131
1131
1132
1132
1132
1132
1132
1132
1139
1139
1139
1139
1140
1140
1140
1140
1140
1140
1140
1140
1141
1141
1141
1141
1141
1144
1144
1144
1144
1144
1144
1144
1144
1146
1146
1146
1148
1148
1148
1148
1148
1148
1148
1148
1148
1148
1148
1148
1149
1149
1149
1149
1150
1150
1150
1150
1150
1159
1159
1159
1159
1161
1161
1161
1161
1161
1161
1168
1168
1168
1168
1168
1168
1168
1171
1171
1171
1171
1171
1171
1172
1172
1172
1172
1172
1172
1173
1173
1179
1179
1179
1179
1179
1179
1179
1179
1179
1179
1179
1179
1179
1179
1179
1193
1197
1197
1197
1197
1197
1197
1197
1202
1202
1202
1202
1202
1202
1202
1202
1202
1202
1202
1202
1202
1202
1202
1202
1203
1206
1206
1206
1219
1219
1219
1219
1219
1219
1219
1219
1219
1219
1220
1220
1221
1221
1221
1221
1223
1223
1224
1224
1224
1224
1224
1231
1231
1231
1234
1234
1234
1234
1234
1234
1234
1247
1247
1247
1247
1249
1249
1249
1250
1250
1250
1260
1260
1260
1260
1260
1260
1266
1266
1266
1266
1266
1267
1267
1268
1268
1268
1268
1268
1270
1270
1270
1270
1270
1270
1270
1270
1270
1270
1270
1270
1270
1270
1277
1277
1277
1277
1277
1277
1277
1283
1283
1283
1283
1283
1283
1283
1283
1288
1288
1288
1288
1289
1289
1289
1289
1289
1300
1300
1300
1300
1300
1300
1300
1300
1304
1304
1304
1306
1306
1306
1306
1306
1306
1307
1307
1307
1307
1307
1308
1308
1308
1308
1308
1308
1308
1317
1317
1317
1317
1317
1317
1319
1319
1319
1319
1321
1321
1321
1321
1321
1321
1321
1321
1329
1329
1329
1345
1345
1345
1345
1345
1345
1345
1348
1348
1348
1348
1356
1356
1360
1360
1360
1360
1360
1360
1360
1360
1365
1365
1365
1365
1365
1365
1366
1366
1366
1366
1366
1368
1368
1368
1368
1368
1368
1368
1368
1375
1375
1375
1375
1375
1375
1375
1377
1377
1383
1383
1383
1383
1383
1383
1384
1384
1386
1386
1386
1386
1396
1396
1396
1396
1405
1405
1405
1405
1405
1405
1406
1406
1410
1410
1410
1410
1410
1410
1410
1414
1429
1429
1429
1429
1429
1429
1429
1429
1429
1429
1429
1429
1430
1430
1430
1430
1430
1430
1430
1430
1430
1430
1430
1435
1435
1435
1435
1435
1435
1435
1435
1435
1435
1435
1435
1446
1446
1446
1446
1446
1446
1446
1446
1446
1446
1455
1455
1455
1455
1455
1462
1462
1462
1462
1462
1462
1462
1462
1462
1462
1463
1463
1463
1463
1467
1467
1467
1467
1467
1469
1469
1469
1469
1469
1474
1474
1474
1474
1479
1479
1479
1479
1479
1479
1480
1480
1480
1484
1484
1484
1494
1494
1494
1494
1496
1496
1496
1496
1496
1496
1498
1498
1498
1498
1498
1498
1498
1498
1504
1504
1504
1504
1504
1504
1504
1504
1513
1513
1513
1513
1513
1513
1513
1521
1521
1521
1521
1528
1528
1528
1528
1528
1528
1541
1541
1541
1545
1545
1545
1545
1545
1545
1551
1551
1556
1556
1556
1556
1562
1562
1562
1565
1565
1565
1565
1565
1566
1566
1566
1566
1566
1566
1566
1569
1569
1569
1569
1569
1569
1571
1571
1571
1571
1571
1571
1573
1573
1575
1575
1575
1575
1575
1575
1575
1575
1575
1575
1575
1575
1584
1584
1584
1584
1584
1585
1585
1588
1588
1588
1600
1604
1604
1604
1622
1622
1623
1623
1623
1623
1623
1626
1626
1626
1626
1626
1626
1626
1626
1626
1626
1626
1626
1626
1626
1626
1626
1626
1628
1628
1628
1634
1634
1634
1634
1634
1634
1638
1638
1638
1638
1638
1638
1645
1645
1645
1645
1645
1645
1652
1652
1654
1654
1654
1654
1654
1658
1658
1658
1658
1662
1662
1662
1662
1662
1662
1662
1663
1663
1663
1663
1663
1663
1663
1669
1669
1673
1673
1673
1673
1673
1673
1673
1673
1673
1673
1673
1678
1678
1678
1678
1680
1680
1680
1680
1680
1680
1680
1681
1681
1681
1681
1681
1681
1689
1689
1689
1689
1689
1689
1689
1689
1689
1690
1690
1690
1693
1693
1693
1693
1693
1693
1693
1693
1696
1696
1696
1696
1696
1698
1698
1698
1698
1698
1698
1698
1698
1703
1703
1703
1704
1704
1704
1704
1704
1704
1708
1708
1708
1708
1718
1718
1718
1719
1719
1719
1719
1719
1719
1723
1723
1723
1723
1725
1725
1725
1725
1725
1730
1730
1730
1730
1730
1730
1732
1732
1732
1732
1732
1732
1732
1732
1733
1733
1733
1733
1741
1741
1741
1741
1752
1752
1752
1752
1752
1752
1752
1753
1753
1753
1753
1754
1754
1754
1754
1754
1754
1754
1755
1755
1755
1755
1756
1756
1756
1761
1761
1761
1761
1761
1761
1761
1761
1761
1763
1763
1763
1773
1773
1773
1773
1773
1773
1773
1773
1773
1773
1775
1775
1775
1775
1777
1777
1778
1778
1778
1786
1786
1786
1786
1786
1786
1795
1795
1795
1795
1797
1797
1797
1797
1797
1797
1800
1800
1800
1800
1800
1800
1800
1800
1809
1809
1809
1809
1809
1809
1809
1809
1809
1809
1809
1809
1809
1815
1815
1815
1815
1820
1820
1820
1820
1832
1832
1832
1832
1832
1832
1835
1835
1835
1837
1837
1837
1837
1837
1848
1848
1848
1848
1852
1852
1852
1852
1859
1859
1859
1859
1859
1859
1859
1860
1860
1860
1860
1860
1860
1860
1861
1861
1861
1861
1861
1862
1862
1862
1862
1862
1871
1871
1871
1871
1871
1872
1872
1872
1872
1872
1872
1872
1880
1880
1880
1880
1880
1881
1881
1881
1881
1884
1884
1884
1884
1885
1885
1885
1885
1890
1890
1890
1890
1890
1890
1894
1894
1894
1894
1909
1909
1909
1909
1909
1909
1911
1911
1911
1914
1914
1917
1917
1917
1917
1923
1923
1923
1923
1923
1923
1923
1925
1925
1925
1925
1925
1925
1925
1927
1927
1927
1927
1927
1927
1927
1930
1930
1930
1930
1930
1932
1932
1932
1932
1932
1932
1932
1932
1932
1932
1933
1933
1933
1933
1933
1933
1933
1933
1942
1942
1942
1942
1947
1947
1947
1947
1947
1947
1948
1948
1948
1948
1953
1953
1953
1953
1953
1953
1955
1955
1958
1958
1958
1959
1959
1959
1959
1959
1959
1962
1962
1962
1966
1966
1966
1966
1967
1967
1967
1967
1967
1969
1969
1969
1969
1969
1971
1971
1971
1971
1972
1972
1972
1972
1972
1973
1973
1973
1973
1973
1973
1979
1979
1979
1979
1979
1979
1979
1979
1979
1979
1979
1979
1979
1979
1979
1979
1979
1979
1985
1985
1985
1985
1985
2000
2000
2000
2000
2000
2000
2000
2002
2002
2002
2002
2002
2002
2002
2005
2005
2005
2005
2007
2007
2007
2007
2007
2011
2011
2011
2011
2013
2013
2013
2013
2013
2013
2015
2015
2015
2015
2015
2015
2019
2019
2019
2019
2019
2019
2019
2019
2019
2019
2022
2022
2022
2022
2022
2022
2023
2023
2025
2025
2026
2026
2026
2026
2026
2026
2030
2030
2030
2030
2030
2030
2030
2030
2030
2032
2032
2032
2032
2035
2035
2035
2035
2038
2038
2038
2038
2038
2038
2043
2043
2043
2043
2043
2047
2047
2047
2047
2050
2050
2050
2050
2050
2050
2050
2051
2051
2051
2051
2051
2051
2064
2064
2064
2065
2065
2065
2065
2065
2065
2065
2065
2065
2069
2069
2069
2069
2069
2071
2071
2071
2071
2071
2071
2071
2071
2071
2071
2074
2074
2074
2074
2074
2075
2075
2075
2075
2075
2078
2078
2078
2078
2078
2078
2078
2078
2078
2079
2079
2079
2079
2079
2079
2079
2079
2083
2083
2083
2083
2083
2083
2098
2098
2098
2098
2102
2102
2102
2102
2102
2105
2105
2105
2105
2105
2105
2108
2108
2108
2114
2114
2114
2114
2114
2114
2114
2114
2114
2114
2114
2114
2114
2114
2114
2114
2114
2115
2115
2115
2115
2115
2115
2129
2129
2129
2129
2129
2129
2129
2129
2129
2130
2130
2130
2130
2130
2130
2130
2130
2130
2130
2130
2130
2133
2133
2133
2133
2133
2133
2133
2133
2133
2133
2133
2133
2133
2134
2134
2134
2134
2136
2136
2136
2136
2136
2136
2136
2136
2136
2137
2137
2137
2137
2137
2150
2150
2150
2150
2151
2151
2151
2153
2153
2153
2154
2154
2154
2154
2154
2154
2161
2161
2161
2161
2161
2163
2163
2163
2163
2163
2163
2163
2163
2163
2163
2163
2170
2170
2170
2170
2170
2170
2170
2170
2170
2173
2173
2173
2173
2173
2173
2173
2174
2174
2189
2189
2189
2189
2189
2189
2189
2191
2191
2191
2191
2195
2195
2196
2196
2196
2196
2196
2196
2196
2208
2208
2208
2208
2208
2208
2208
2208
2210
2210
2210
2212
2212
2212
2213
2213
2213
2213
2213
2213
2217
2217
2217
2217
2224
2224
2225
2225
2225
2225
2225
2225
2225
2232
2232
2232
2232
2232
2232
2232
2232
2234
2234
2234
2234
2234
2236
2236
2237
2237
2237
2243
2243
2243
2243
2243
2244
2244
2244
2244
2244
2244
2244
2248
2248
2248
2248
2249
2249
2249
2249
2249
2249
2249
2249
2251
2251
2251
2251
2255
2255
2255
2255
2255
2257
2257
2257
2257
2257
2257
2258
2258
2258
2258
2258
2258
2258
2258
2258
2258
2258
2258
2258
2258
2275
2275
2275
2275
2275
2282
2282
2282
2282
2283
2283
2283
2283
2283
2286
2286
2286
2286
2286
2286
2286
2286
2286
2286
2287
2287
2287
2287
2287
2298
2298
2298
2298
2298
2298
2304
2304
2304
2304
2304
2304
2305
2305
2305
2310
2310
2310
2310
2310
2315
2315
2315
2315
2317
2317
2317
2317
2317
2317
2317
2317
2317
2317
2317
2317
2317
2317
2317
2321
2321
2321
2321
2321
2322
2322
2322
2322
2328
2328
2328
2328
2334
2334
2334
2334
2335
2335
2335
2335
2335
2340
2340
2340
2340
2340
2340
2343
2343
2343
2343
2343
2346
2346
2347
2347
2347
2347
2347
2347
2353
2353
2353
2353
2353
2353
2354
2354
2354
2354
2354
2354
2354
2354
2355
2355
2355
2355
2355
2357
2357
2357
2366
2366
2366
2366
2366
2366
2366
2366
2366
2366
2366
2369
2369
2369
2369
2369
2369
2369
2369
2373
2373
2373
2373
2373
2376
2376
2376
2376
2378
2378
2385
2385
2385
2385
2385
2385
2387
2387
2387
2387
2387
2391
2391
2391
2391
2391
2391
2391
2393
2393
2393
2393
2394
2394
2394
2394
2398
2398
2419
2419
2422
2422
2422
2422
2423
2423
2423
2423
2423
2423
2427
2427
2427
2427
2428
2428
2428
2428
2428
2428
2428
2428
2433
2433
2433
2433
2433
2433
2433
2433
2433
2433
2433
2433
2433
2433
2433
2435
2435
2435
2435
2436
2436
2436
2436
2462
2462
2462
2470
2470
2470
2470
2470
2470
2472
2472
2472
2476
2476
2476
2479
2479
2479
2479
2479
2480
2480
2480
2480
2480
2480
2480
2481
2481
2481
2481
2481
2488
2488
2488
2488
2488
2488
2488
2492
2492
2492
2492
2492
2492
2492
2492
2499
2499
2499
2499
2507
2507
2509
2509
2509
2509
2509
2510
2510
2510
2510
2510
2519
2519
2519
2519
2522
2522
2522
2522
2522
2530
2530
2530
2536
2536
2536
2536
2545
2545
2545
2545
2545
2545
2547
2547
2547
2547
2547
2550
2550
2550
2550
2563
2563
2563
2571
2571
2571
2571
2571
2572
2572
2572
2572
2572
2572
2572
2572
2579
2579
2582
2582
2582
2582
2582
2582
2584
2584
2584
2585
2585
2585
2588
2588
2592
2592
2592
2592
2592
2592
2592
2605
2616
2616
2616
2616
2616
2616
2616
2616
2616
2625
2625
2625
2625
2625
2625
2625
2625
2625
2637
2637
2637
2637
2637
2653
2653
2653
2653
2654
2654
2662
2662
2662
2662
2662
2667
2667
2667
2667
2667
2667
2668
2668
2668
2668
2668
2671
2671
2671
2671
2671
2671
2671
2679
2679
2679
2679
2679
2679
2679
2679
2679
2679
2679
2679
2679
2680
2680
2680
2680
2680
2680
2683
2683
2683
2683
2683
2684
2684
2684
2684
2684
2684
2685
2685
2685
2685
2692
2692
2692
2692
2692
2692
2701
2701
2701
2701
2701
2701
2703
2703
2703
2703
2703
2706
2706
2706
2706
2706
2706
2717
2717
2717
2717
2719
2719
2719
2719
2719
2719
2719
2727
2727
2727
2727
2727
2727
2727
2727
2727
2727
2727
2730
2730
2730
2730
2730
2748
2748
2753
2753
2753
2753
2755
2755
2755
2772
2772
2772
2772
2772
2772
2772
2772
2778
2778
2779
2779
2779
2779
2779
2782
2782
2782
2782
2782
2787
2787
2790
2790
2790
2790
2790
2790
2790
2790
2790
2800
2800
2800
2809
2809
2809
2809
2809
2812
2812
2812
2812
2812
2815
2815
2815
2815
2815
2815
2815
2820
2820
2820
2820
2820
2820
2820
2820
2820
2820
2820
2823
2823
2823
2823
2823
2823
2824
2824
2824
2824
2825
2825
2825
2825
2825
2828
2828
2828
2828
2828
2828
2836
2836
2836
2836
2836
2836
2836
2836
2836
2836
2836
2836
2836
2837
2837
2837
2839
2839
2839
2839
2839
2839
2839
2839
2860
2860
2860
2860
2860
2860
2860
2872
2872
2872
2872
2873
2873
2873
2873
2874
2874
2874
2874
2874
2874
2874
2874
2876
2876
2876
2876
2876
2876
2877
2877
2877
2877
2877
2877
2879
2879
2879
2879
2879
2879
2880
2880
2880
2880
2880
2880
2886
2886
2886
2886
2886
2886
2886
2886
2886
2886
2886
2887
2887
2887
2887
2887
2887
2887
2902
2902
2902
2902
2902
2902
2902
2902
2902
2902
2902
2902
2902
2902
2906
2906
2906
2906
2906
2911
2911
2911
2911
2912
2912
2912
2912
2912
2934
2934
2934
2934
2939
2939
2939
2940
2940
2940
2940
2952
2952
2952
2952
2958
2958
2958
2958
2958
2958
2963
2963
2963
2963
2965
2965
2965
2971
2971
2971
2971
2971
2971
2971
2971
2971
2971
2971
2976
2976
2976
2976
2980
2980
2984
2984
2984
2984
2984
2991
2991
2991
2991
2991
2991
2991
2991
2991
2991
3001
3001
3001
3001
3002
3002
3002
3002
3002
3002
3002
3003
3003
3003
3003
3007
3007
3007
3007
3007
3007
3007
3007
3007
3008
3008
3008
3008
3008
3008
3008
3008
3008
3008
3008
3028
3028
3028
3028
3028
3035
3035
3035
3035
3035
3041
3041
3041
3041
3041
3041
3041
3043
3043
3043
3043
3043
3043
3045
3045
3045
3045
3045
3045
3045
3052
3052
3052
3052
3052
3052
3052
3057
3057
3057
3057
3057
3057
3058
3058
3058
3058
3058
3058
3063
3063
3063
3063
3063
3063
3063
3063
3063
3063
3063
3065
3065
3065
3065
3065
3065
3065
3072
3072
3072
3072
3072
3076
3076
3081
3081
3081
3084
3084
3084
3084
3084
3087
3087
3087
3087
3087
3087
3102
3102
3102
3102
3102
3108
3108
3108
3108
3108
3108
3108
3108
3108
3108
3108
3108
3108
3108
3108
3108
3108
3108
3110
3110
3110
3110
3110
3112
3112
3112
3112
3112
3112
3112
3112
3112
3112
3116
3116
3116
3116
3116
3116
3118
3118
3118
3118
3118
3121
3121
3121
3121
3121
3121
3121
3121
3121
3121
3121
3121
3121
3128
3128
3128
3128
3130
3130
3130
3130
3130
3130
3130
3130
3130
3130
3130
3130
3139
3139
3139
3139
3141
3141
3141
3141
3141
3141
3141
3142
3142
3142
3142
3142
3142
3142
3146
3146
3146
3146
3146
3147
3147
3147
3147
3153
3153
3153
3153
3153
3153
3153
3153
3153
3153
3189
3189
3189
3189
3189
3193
3193
3193
3209
3209
3209
3209
3209
3209
3219
3219
3219
3219
3219
3220
3220
3220
3220
3220
3220
3220
3220
3233
3233
3233
3233
3233
3240
3240
3240
3240
3240
3240
3240
3252
3252
3252
3252
3256
3256
3256
3256
3256
3272
3272
3272
3272
3272
3273
3273
3273
3273
3273
3273
3273
3276
3276
3276
3276
3276
3276
3276
3278
3278
3278
3278
3282
3282
3282
3286
3286
3286
3286
3297
3297
3297
3297
3306
3306
3306
3306
3306
3306
3310
3310
3310
3310
3310
3310
3316
3331
3331
3331
3331
3331
3336
3336
3336
3336
3341
3341
3341
3341
3341
3341
3348
3348
3348
3348
3348
3348
3351
3351
3351
3351
3351
3353
3353
3353
3353
3353
3353
3353
3353
3353
3358
3358
3358
3358
3358
3358
3367
3367
3367
3367
3367
3367
3367
3373
3373
3381
3381
3381
3381
3381
3396
3396
3396
3396
3397
3397
3397
3397
3397
3397
3397
3397
3397
3397
3400
3400
3400
3400
3400
3400
3400
3400
3400
3403
3403
3403
3416
3416
3416
3416
3416
3417
3417
3417
3417
3417
3417
3417
3421
3421
3421
3421
3421
3421
3429
3429
3429
3429
3429
3429
3429
3429
3429
3430
3430
3430
3430
3430
3430
3430
3433
3433
3433
3433
3433
3433
3433
3437
3437
3437
3437
3437
3438
3438
3438
3439
3439
3455
3455
3455
3455
3461
3461
3461
3461
3461
3461
3461
3477
3477
3477
3477
3477
3477
3477
3477
3477
3488
3488
3488
3488
3488
3488
3488
3495
3495
3495
3495
3495
3502
3502
3502
3502
3502
3502
3502
3502
3512
3512
3512
3512
3512
3512
3512
3520
3520
3520
3520
3520
3521
3521
3521
3521
3527
3527
3527
3527
3527
3527
3535
3535
3535
3535
3535
3537
3537
3537
3549
3549
3549
3549
3549
3549
3549
3549
3549
3554
3554
3554
3565
3565
3565
3565
3565
3566
3566
3566
3569
3569
3570
3570
3570
3572
3572
3572
3572
3572
3574
3574
3574
3574
3574
3577
3577
3577
3577
3577
3577
3590
3590
3590
3590
3593
3593
3593
3593
3593
3593
3596
3596
3597
3597
3597
3597
3597
3597
3598
3598
3598
3598
3598
3598
3598
3598
3598
3598
3598
3599
3599
3599
3599
3599
3599
3599
3599
3599
3599
3599
3599
3599
3599
3599
3602
3602
3602
3602
3602
3602
3602
3605
3605
3605
3605
3608
3608
3608
3608
3609
3609
3609
3609
3609
3609
3614
3614
3614
3624
3624
3624
3624
3624
3624
3624
3624
3629
3629
3632
3632
3632
3632
3632
3632
3632
3634
3634
3634
3634
3634
3634
3634
3636
3636
3636
3636
3640
3640
3640
3640
3640
3645
3645
3645
3645
3645
3645
3645
3645
3654
3654
3654
3677
3677
3677
3677
3677
3677
3677
3678
3678
3678
3678
3678
3681
3681
3681
3681
3682
3682
3682
3685
3685
3685
3685
3685
3694
3694
3694
3694
3702
3702
3705
3705
3705
3705
3705
3705
3705
3724
3724
3724
3724
3730
3730
3730
3730
3730
3730
3730
3733
3733
3733
3733
3733
3733
3733
3733
3733
3733
3743
3743
3743
3743
3747
3747
3747
3747
3747
3747
3747
3747
3750
3750
3750
3750
3750
3751
3751
3751
3751
3751
3751
3751
3755
3755
3755
3755
3758
3758
3763
3763
3763
3763
3763
3763
3763
3769
3774
3774
3774
3777
3777
3777
3777
3777
3777
3777
3779
3779
3779
3779
3779
3802
3802
3802
3802
3802
3808
3808
3810
3810
3810
3810
3810
3810
3810
3810
3813
3813
3813
3818
3818
3818
3818
3818
3818
3818
3818
3838
3838
3838
3838
3838
3838
3838
3853
3853
3853
3853
3853
3860
3860
3860
3860
3860
3863
3863
3863
3863
3871
3871
3871
3876
3876
3876
3876
3876
3876
3876
3879
3879
3879
3879
3884
3884
3884
3884
3896
3896
3896
3896
3901
3901
3901
3901
3901
3901
3901
3911
3911
3911
3911
3911
3911
3911
3911
3911
3911
3911
3911
3911
3911
3911
3913
3913
3913
3913
3913
3913
3913
3915
3915
3915
3915
3917
3917
3917
3917
3931
3931
3931
3931
3931
3931
3933
3933
3933
3935
3935
3935
3935
3935
3935
3935
3935
3935
3935
3935
3936
3936
3936
3936
3938
3938
3938
3938
3939
3939
3939
3939
3939
3939
3939
3939
3944
3944
3944
3948
3948
3948
3948
3951
3951
3951
3951
3951
3951
3951
3951
3951
3951
3951
3951
3960
3960
3960
3960
3960
3960
3960
3960
3960
3966
3966
3966
3966
3966
3972
3972
3972
3982
3982
3982
3989
3992
3992
3992
3992
3992
3992
3997
3997
3997
3997
3997
3997
4007
4007
4007
4016
4016
4016
4016
4016
4021
4021
4021
4021
4025
4025
4025
4025
4025
4025
4025
4045
4045
4045
4045
4047
4047
4047
4047
4054
4054
4054
4054
4056
4056
4056
4056
4061
4061
4061
4061
4061
4061
4061
4063
4063
4063
4063
4063
4068
4068
4068
4068
4068
4075
4075
4084
4084
4084
4089
4089
4089
4089
4089
4089
4089
4089
4089
4089
4089
4089
4089
4090
4090
4090
4090
4090
4090
4090
4095
4095
4115
4115
4115
4115
4115
4115
4121
4121
4121
4121
4121
4121
4121
4126
4132
4132
4132
4132
4132
4132
4146
4146
4146
4146
4146
4146
4146
4146
4148
4148
4148
4148
4160
4160
4160
4160
4160
4160
4160
4163
4163
4163
4163
4163
4163
4176
4176
4176
4176
4176
4176
4176
4182
4182
4182
4182
4182
4182
4188
4188
4188
4188
4188
4188
4188
4190
4190
4190
4190
4190
4190
4190
4201
4201
4201
4201
4201
4201
4201
4201
4201
4206
4206
4206
4206
4206
4206
4206
4207
4207
4207
4207
4207
4207
4207
4207
4216
4216
4216
4216
4216
4220
4220
4220
4221
4221
4221
4221
4221
4221
4221
4221
4231
4231
4231
4231
4239
4239
4239
4239
4239
4255
4255
4255
4255
4255
4255
4275
4275
4275
4275
4275
4278
4278
4278
4282
4282
4282
4282
4287
4287
4287
4307
4307
4307
4307
4307
4307
4310
4310
4310
4310
4319
4319
4324
4324
4324
4324
4324
4324
4335
4335
4335
4335
4335
4353
4353
4353
4354
4354
4354
4354
4354
4388
4388
4388
4388
4388
4388
4388
4396
4396
4396
4396
4407
4407
4407
4407
4417
4417
4417
4420
4420
4420
4420
4420
4420
4434
4434
4434
4434
4434
4437
4437
4437
4437
4444
4444
4444
4444
4444
4444
4444
4454
4454
4454
4454
4454
4454
4456
4456
4456
4456
4456
4459
4459
4459
4459
4459
4459
4461
4461
4461
4461
4474
4474
4474
4474
4474
4474
4474
4486
4486
4486
4486
4486
4488
4488
4488
4488
4488
4488
4488
4493
4493
4493
4493
4493
4493
4493
4502
4502
4502
4507
4507
4507
4507
4510
4510
4510
4511
4511
4511
4511
4511
4512
4512
4512
4512
4512
4512
4512
4521
4521
4535
4535
4535
4535
4537
4537
4537
4537
4537
4537
4537
4542
4542
4542
4542
4549
4549
4549
4549
4549
4549
4555
4555
4555
4555
4556
4556
4556
4556
4556
4556
4559
4559
4559
4560
4560
4560
4560
4560
4560
4565
4565
4565
4565
4565
4565
4565
4565
4566
4566
4566
4576
4576
4576
4576
4576
4576
4576
4576
4576
4577
4594
4594
4594
4594
4599
4599
4599
4599
4599
4599
4599
4599
4599
4619
4619
4619
4619
4629
4629
4629
4629
4629
4629
4635
4635
4635
4635
4644
4644
4644
4644
4644
4644
4644
4644
4644
4655
4655
4655
4655
4655
4655
4655
4656
4656
4664
4664
4664
4665
4665
4665
4665
4665
4679
4679
4679
4679
4679
4679
4679
4682
4682
4682
4690
4690
4690
4690
4690
4704
4704
4704
4710
4710
4710
4710
4710
4714
4714
4714
4714
4714
4714
4714
4725
4725
4725
4730
4730
4730
4730
4730
4730
4730
4764
4764
4764
4768
4768
4768
4768
4768
4779
4779
4779
4779
4779
4785
4785
4785
4785
4785
4785
4785
4785
4785
4785
4789
4789
4789
4789
4789
4789
4789
4789
4789
4789
4789
4789
4789
4798
4798
4798
4798
4798
4802
4802
4802
4802
4802
4802
4807
4807
4807
4807
4812
4812
4812
4819
4819
4819
4819
4819
4819
4819
4819
4819
4819
4820
4820
4820
4820
4820
4820
4822
4822
4822
4822
4822
4839
4839
4839
4839
4839
4839
4839
4841
4841
4841
4841
4841
4841
4841
4841
4845
4845
4845
4845
4845
4845
4845
4845
4859
4859
4859
4863
4863
4863
4863
4863
4870
4870
4870
4870
4870
4870
4876
4876
4876
4876
4876
4917
4917
4917
4917
4917
4917
4917
4917
4917
4917
4917
4917
4917
4921
4921
4921
4921
4921
4923
4923
4923
4923
4923
4933
4933
4933
4937
4937
4937
4937
4937
4937
4937
4937
4937
4938
4939
4939
4939
4939
4939
4939
4953
4953
4953
4953
4954
4954
4965
4965
4965
4965
4965
4965
4965
4965
4965
4966
4966
4966
4966
4966
4970
4970
4970
4970
4970
4972
4972
4972
4988
4988
4988
4988
4988
4988
4988
4988
4989
4989
4989
4989
4989
4989
4992
4992
4992
4994
4994
4999
4999
4999
4999
4999
5004
5004
5004
5004
5004
5004
5004
5004
5004
5014
5014
5014
5014
5014
5027
5027
5027
5027
5027
5029
5029
5038
5038
5038
5038
5039
5039
5039
5040
5040
5040
5040
5040
5040
5040
5040
5045
5045
5045
5064
5064
5064
5064
5065
5065
5065
5065
5065
5065
5065
5071
5071
5071
5071
5071
5071
5076
5076
5076
5076
5084
5084
5084
5084
5084
5084
5084
5084
5084
5084
5084
5084
5084
5084
5084
5084
5084
5084
5084
5084
5084
5084
5091
5091
5091
5092
5092
5092
5092
5092
5093
5093
5093
5093
5093
5093
5093
5094
5094
5094
5094
5094
5094
5094
5094
5094
5094
5104
5104
5104
5104
5104
5104
5112
5112
5112
5112
5124
5138
5138
5138
5138
5138
5138
5142
5142
5142
5142
5142
5146
5146
5146
5146
5147
5147
5147
5147
5147
5147
5147
5147
5149
5149
5149
5149
5149
5149
5150
5150
5150
5150
5150
5158
5158
5158
5162
5162
5162
5162
5162
5162
5162
5162
5166
5166
5166
5166
5166
5167
5167
5167
5167
5178
5178
5178
5178
5178
5178
5178
5178
5180
5180
5180
5180
5180
5180
5180
5180
5181
5181
5181
5181
5181
5181
5181
5181
5193
5193
5193
5193
5193
5193
5199
5199
5199
5199
5199
5199
5199
5202
5202
5202
5202
5202
5202
5202
5202
5224
5224
5224
5224
5228
5228
5228
5228
5228
5228
5228
5230
5230
5230
5230
5230
5244
5244
5244
5244
5245
5245
5245
5245
5245
5245
5245
5247
5247
5247
5247
5247
5247
5247
5247
5247
5249
5249
5249
5249
5267
5267
5267
5267
5267
5267
5271
5271
5271
5272
5272
5272
5272
5272
5272
5272
5278
5278
5278
5278
5278
5280
5280
5280
5280
5280
5280
5283
5283
5283
5283
5283
5288
5288
5288
5288
5288
5288
5288
5294
5294
5294
5294
5294
5294
5303
5303
5303
5314
5314
5314
5318
5318
5318
5318
5319
5319
5319
5319
5320
5320
5320
5320
5320
5320
5320
5320
5320
5320
5320
5320
5320
5320
5320
5320
5320
5328
5328
5328
5328
5328
5340
5340
5340
5340
5344
5344
5344
5344
5344
5345
5345
5345
5345
5345
5345
5352
5352
5352
5352
5352
5352
5352
5352
5352
5352
5361
5361
5361
5361
5361
5363
5363
5363
5363
5363
5363
5363
5364
5364
5364
5366
5366
5366
5366
5366
5371
5371
5371
5371
5371
5378
5378
5378
5378
5378
5378
5378
5378
5378
5384
5384
5385
5385
5385
5385
5385
5385
5389
5389
5409
5409
5409
5409
5409
5409
5409
5409
5409
5409
5414
5414
5414
5414
5414
5414
5414
5415
5415
5415
5415
5415
5415
5415
5419
5419
5419
5430
5430
5430
5430
5430
5432
5432
5432
5432
5432
5435
5435
5435
5435
5435
5435
5435
5448
5448
5448
5448
5448
5448
5451
5451
5451
5451
5451
5457
5457
5457
5457
5457
5457
5460
5460
5460
5460
5460
5460
5460
5484
5484
5484
5484
5484
5486
5486
5486
5486
5486
5489
5489
5489
5489
5489
5489
5493
5493
5493
5499
5499
5499
5499
5508
5508
5508
5508
5509
5509
5509
5509
5509
5509
5509
5509
5509
5517
5517
5517
5517
5517
5517
5530
5530
5530
5530
5530
5530
5530
5530
5530
5530
5533
5533
5533
5533
5533
5533
5533
5533
5533
5541
5541
5541
5541
5549
5549
5549
5552
5552
5552
5552
5553
5553
5553
5562
5562
5562
5562
5562
5562
5562
5563
5563
5563
5563
5563
5574
5574
5575
5575
5575
5575
5576
5576
5576
5576
5576
5578
5578
5578
5578
5578
5578
5579
5579
5579
5588
5588
5588
5588
5590
5590
5590
5590
5592
5592
5593
5593
5593
5593
5595
5595
5595
5595
5595
5595
5595
5595
5596
5596
5596
5597
5597
5597
5597
5597
5597
5597
5597
5597
5600
5600
5600
5600
5605
5605
5605
5605
5605
5605
5605
5605
5605
5605
5605
5605
5606
5606
5606
5606
5606
5606
5606
5606
5606
5606
5606
5606
5617
5617
5617
5617
5617
5617
5617
5617
5617
5617
5617
5617
5617
5618
5618
5618
5618
5618
5618
5618
5618
5621
5621
5621
5630
5630
5630
5630
5630
5630
5630
5630
5630
5634
5634
5640
5640
5640
5640
5640
5640
5640
5640
5640
5640
5648
5648
5648
5648
5648
5651
5651
5651
5651
5651
5651
5651
5656
5656
5656
5656
5660
5660
5660
5663
5663
5663
5663
5663
5663
5663
5663
5667
5667
5667
5667
5667
5667
5671
5671
5671
5671
5671
5671
5673
5673
5673
5673
5673
5678
5678
5680
5680
5680
5680
5680
5680
5686
5686
5687
5687
5687
5688
5688
5688
5697
5697
5697
5697
5697
5703
5703
5703
5703
5705
5705
5705
5705
5705
5705
5712
5712
5712
5712
5712
5712
5714
5714
5714
5715
5715
5716
5716
5716
5716
5720
5720
5720
5720
5746
5746
5746
5746
5746
5746
5746
5750
5750
5750
5750
5750
5750
5750
5764
5764
5764
5771
5771
5771
5774
5774
5774
5774
5774
5779
5779
5779
5779
5781
5781
5781
5781
5781
5781
5781
5781
5781
5797
5797
5797
5797
5811
5811
5811
5811
5811
5811
5811
5811
5811
5824
5824
5824
5828
5828
5828
5828
5828
5828
5829
5829
5829
5829
5829
5829
5830
5830
5830
5830
5830
5830
5830
5831
5831
5831
5831
5831
5831
5831
5831
5843
5843
5843
5843
5843
5843
5843
5848
5848
5848
5848
5848
5848
5848
5848
5848
5848
5848
5848
5848
5848
5848
5848
5852
5852
5852
5852
5852
5852
5852
5852
5852
5852
5853
5853
5853
5856
5856
5856
5856
5856
5858
5858
5858
5858
5858
5860
5860
5860
5860
5860
5860
5860
5860
5860
5860
5860
5860
5867
5867
5867
5867
5867
5873
5873
5873
5873
5873
5873
5873
5873
5874
5874
5874
5874
5874
5874
5874
5874
5874
5874
5876
5876
5876
5876
5881
5881
5882
5882
5882
5882
5890
5890
5890
5890
5900
5900
5900
5902
5902
5902
5902
5902
5902
5903
5903
5903
5903
5906
5906
5906
5906
5906
5906
5906
5906
5906
5906
5906
5906
5911
5911
5911
5911
5911
5911
5911
5911
5924
5924
5924
5924
5924
5927
5927
5927
5927
5927
5927
5927
5927
5927
5927
5927
5932
5932
5932
5935
5935
5935
5935
5935
5937
5937
5937
5937
5937
5937
5937
5944
5944
5944
5944
5945
5945
5945
5945
5947
5947
5947
5947
5963
5963
5963
5963
5963
5978
5978
5978
5978
5982
5982
5982
5988
5988
5988
5988
5988
5988
5988
5994
5994
5994
5994
5994
5994
6001
6001
6001
6001
6013
6013
6013
6013
6013
6013
6013
6014
6014
6014
6014
6014
6014
6014
6014
6015
6015
6015
6015
6015
6015
6019
6019
6036
6036
6036
6036
6036
6036
6036
6036
6037
6037
6037
6037
6037
6039
6039
6039
6039
6043
6043
6043
6043
6047
6047
6047
6047
6051
6051
6051
6051
6052
6052
6052
6052
6052
6052
6053
6053
6053
6053
6053
6053
6053
6053
6066
6066
6066
6066
6068
6068
6068
6068
6068
6069
6069
6069
6069
6069
6069
6079
6079
6079
6079
6080
6080
6080
6080
6080
6080
6080
6080
6080
6080
6080
6080
6080
6080
6089
6089
6089
6089
6089
6089
6089
6090
6090
6090
6090
6090
6090
6091
6091
6091
6091
6091
6091
6091
6091
6091
6095
6095
6095
6095
6095
6095
6103
6103
6105
6105
6105
6115
6115
6115
6115
6115
6115
6116
6116
6116
6130
6130
6130
6133
6133
6139
6139
6139
6150
6150
6150
6150
6150
6150
6150
6150
6154
6154
6154
6154
6154
6154
6154
6154
6154
6154
6163
6163
6163
6163
6163
6166
6166
6166
6166
6166
6166
6166
6166
6166
6166
6166
6168
6168
6172
6172
6172
6172
6172
6184
6184
6184
6184
6184
6184
6196
6196
6196
6196
6202
6202
6202
6213
6213
6213
6214
6214
6214
6214
6226
6226
6226
6226
6229
6229
6239
6239
6239
6239
6239
6239
6244
6244
6244
6246
6246
6246
6246
6246
6267
6267
6267
6268
6268
6268
6268
6268
6273
6273
6273
6273
6274
6274
6274
6274
6274
6274
6275
6275
6275
6275
6275
6278
6278
6278
6278
6278
6278
6278
6283
6283
6283
6283
6283
6283
6288
6288
6288
6288
6290
6290
6296
6296
6304
6304
6304
6304
6304
6304
6305
6305
6322
6322
6322
6322
6322
6322
6322
6326
6326
6330
6330
6330
6330
6330
6330
6330
6339
6339
6339
6339
6339
6339
6339
6339
6339
6339
6342
6342
6342
6342
6342
6349
6349
6349
6349
6349
6350
6350
6350
6350
6350
6350
6356
6356
6356
6356
6356
6357
6357
6357
6357
6358
6358
6358
6358
6359
6359
6359
6359
6359
6359
6359
6359
6359
6359
6359
6364
6364
6364
6364
6364
6371
6381
6381
6381
6381
6382
6382
6382
6382
6382
6387
6387
6387
6387
6387
6387
6387
6396
6396
6396
6399
6399
6399
6399
6403
6403
6403
6403
6403
6405
6405
6405
6405
6405
6405
6405
6405
6405
6411
6411
6411
6411
6411
6411
6411
6411
6411
6423
6423
6423
6423
6423
6428
6428
6428
6428
6428
6428
6436
6436
6438
6438
6438
6438
6438
6438
6451
6451
6451
6451
6451
6451
6459
6459
6459
6459
6459
6459
6459
6459
6466
6466
6466
6466
6466
6476
6476
6476
6476
6476
6483
6483
6483
6483
6486
6486
6486
6486
6486
6486
6486
6486
6486
6486
6503
6503
6503
6503
6503
6503
6503
6504
6504
6504
6504
6504
6504
6504
6504
6504
6504
6511
6511
6511
6511
6511
6511
6511
6512
6512
6512
6512
6512
6522
6522
6522
6522
6522
6522
6522
6527
6527
6527
6527
6527
6527
6531
6531
6531
6531
6531
6531
6531
6534
6534
6534
6534
6538
6538
6538
6538
6538
6538
6544
6544
6544
6544
6556
6556
6556
6556
6556
6556
6556
6567
6567
6567
6567
6567
6567
6567
6567
6567
6571
6571
6571
6584
6584
6584
6587
6587
6587
6587
6587
6587
6590
6590
6590
6590
6590
6590
6590
6590
6592
6592
6592
6592
6592
6594
6594
6594
6594
6594
6594
6594
6599
6599
6599
6605
6605
6612
6612
6612
6612
6612
6615
6615
6615
6617
6617
6617
6617
6617
6617
6622
6622
6622
6622
6622
6627
6627
6627
6627
6627
6627
6640
6640
6640
6640
6640
6640
6640
6644
6644
6644
6644
6647
6647
6647
6647
6647
6647
6647
6647
6656
6656
6656
6664
6664
6664
6674
6674
6674
6674
6674
6674
6677
6677
6677
6677
6677
6682
6682
6682
6682
6682
6685
6685
6687
6687
6687
6687
6687
6687
6687
6720
6720
6720
6720
6720
6720
6720
6729
6729
6729
6729
6729
6732
6732
6732
6732
6744
6744
6744
6744
6744
6748
6748
6748
6763
6763
6776
6776
6776
6784
6784
6784
6784
6785
6785
6785
6785
6785
6785
6785
6785
6785
6785
6785
6799
6799
6799
6799
6799
6831
6832
6832
6832
6832
6832
6838
6838
6838
6838
6838
6838
6841
6841
6841
6841
6842
6842
6842
6842
6853
6853
6853
6853
6853
6853
6861
6861
6861
6861
6861
6861
6871
6871
6871
6871
6871
6871
6871
6892
6892
6892
6892
6899
6899
6899
6899
6899
6905
6905
6905
6905
6905
6913
6913
6913
6913
6914
6914
6914
6914
6914
6914
6921
6921
6921
6921
6921
6921
6921
6921
6921
6928
6928
6928
6930
6930
6930
6930
6930
6939
6939
6939
6939
6939
6939
6945
6945
6945
6945
6945
6945
6953
6953
6953
6955
6955
6955
6968
6968
6968
6968
6968
6968
6968
6968
6968
6968
6968
6968
6968
6968
6968
6975
6975
6975
6975
6978
6978
6978
6978
6979
6979
6979
6989
6989
6989
6989
6989
6990
6990
6990
6990
6990
6990
6990
6990
6994
6994
6994
6994
6996
6996
6996
6996
6996
7003
7003
7003
7003
7003
7007
7007
7007
7007
7007
7007
7007
7007
7009
7009
7009
7009
7009
7019
7019
7019
7024
7024
7024
7024
7024
7024
7037
7037
7037
7037
7037
7037
7037
7037
7037
7037
7037
7037
7037
7041
7041
7058
7058
7058
7058
7058
7059
7059
7059
7059
7059
7060
7060
7060
7060
7071
7071
7080
7080
7081
7081
7081
7081
7087
7087
7087
7087
7101
7101
7107
7107
7107
7107
7107
7123
7123
7123
7123
7125
7125
7126
7126
7126
7126
7126
7127
7127
7127
7127
7127
7135
7135
7135
7135
7135
7135
7135
7135
7135
7135
7135
7150
7150
7150
7150
7150
7150
7150
7150
7150
7150
7150
7150
7150
7152
7152
7152
7152
7152
7170
7170
7180
7180
7180
7182
7182
7182
7182
7194
7194
7194
7195
7195
7195
7195
7195
7203
7203
7203
7203
7203
7203
7203
7212
7212
7212
7212
7212
7214
7214
7215
7215
7215
7215
7215
7215
7215
7219
7219
7219
7219
7230
7230
7230
7230
7230
7230
7245
7245
7245
7245
7245
7248
7248
7248
7248
7248
7248
7250
7250
7250
7250
7253
7253
7253
7253
7253
7253
7261
7261
7261
7261
7261
7261
7271
7271
7271
7276
7276
7276
7276
7276
7276
7279
7279
7279
7279
7280
7280
7280
7281
7281
7281
7290
7290
7290
7290
7295
7295
7295
7295
7295
7301
7301
7301
7301
7306
7306
7306
7306
7306
7309
7309
7309
7309
7309
7309
7309
7313
7313
7313
7316
7316
7316
7316
7316
7316
7322
7322
7322
7330
7330
7330
7330
7330
7335
7335
7335
7335
7335
7343
7343
7343
7343
7343
7343
7343
7352
7352
7356
7356
7356
7356
7356
7356
7356
7371
7371
7371
7371
7371
7371
7386
7386
7386
7386
7386
7386
7386
7389
7389
7389
7389
7389
7390
7390
7392
7392
7392
7392
7392
7415
7415
7415
7415
7415
7436
7436
7436
7436
7436
7441
7441
7448
7448
7448
7448
7448
7448
7448
7451
7451
7451
7451
7452
7452
7452
7452
7452
7452
7471
7471
7471
7471
7471
7471
7478
7478
7478
7478
7478
7480
7480
7480
7480
7480
7480
7480
7480
7483
7483
7483
7483
7483
7496
7496
7496
7496
7496
7496
7496
7496
7496
7496
7496
7496
7496
7496
7496
7496
7496
7511
7511
7511
7515
7515
7515
7515
7515
7516
7516
7516
7519
7519
7519
7519
7519
7521
7521
7521
7521
7521
7521
7526
7526
7526
7529
7529
7529
7529
7537
7537
7537
7537
7537
7537
7537
7541
7541
7541
7541
7541
7542
7542
7542
7542
7550
7550
7550
7551
7552
7552
7552
7552
7552
7552
7552
7563
7563
7565
7565
7575
7575
7575
7575
7575
7575
7580
7580
7580
7580
7580
7580
7580
7580
7580
7580
7580
7581
7581
7581
7583
7583
7588
7588
7588
7605
7605
7605
7605
7605
7605
7605
7607
7607
7607
7607
7607
7617
7623
7623
7623
7623
7623
7623
7624
7624
7624
7624
7624
7624
7624
7624
7635
7635
7635
7635
7635
7635
7635
7637
7637
7637
7637
7637
7637
7637
7637
7637
7645
7645
7645
7651
7651
7651
7657
7657
7657
7657
7657
7657
7657
7657
7658
7658
7658
7658
7658
7658
7663
7663
7663
7663
7663
7664
7664
7664
7664
7664
7664
7664
7664
7667
7667
7667
7669
7669
7669
7669
7669
7669
7669
7669
7669
7679
7679
7679
7679
7679
7679
7679
7679
7681
7681
7681
7681
7691
7691
7691
7691
7693
7693
7694
7694
7694
7694
7694
7696
7696
7696
7696
7696
7696
7704
7704
7704
7704
7715
7715
7715
7715
7715
7719
7719
7719
7719
7719
7730
7730
7730
7730
7731
7731
7731
7731
7733
7733
7733
7736
7736
7736
7736
7736
7736
7737
7737
7737
7744
7744
7744
7744
7744
7754
7754
7754
7754
7754
7759
7759
7759
7759
7759
7762
7762
7762
7762
7763
7763
7763
7763
7775
7775
7775
7775
7780
7780
7780
7780
7780
7780
7788
7788
7788
7788
7792
7792
7792
7792
7792
7793
7793
7793
7795
7795
7795
7795
7807
7807
7807
7807
7807
7819
7819
7819
7819
7821
7821
7821
7821
7822
7822
7826
7826
7826
7826
7826
7826
7826
7826
7826
7840
7840
7841
7841
7841
7841
7841
7841
7846
7846
7846
7846
7846
7846
7847
7847
7847
7847
7857
7857
7857
7858
7858
7858
7858
7863
7863
7863
7863
7863
7863
7863
7863
7863
7863
7874
7874
7879
7879
7890
7890
7890
7890
7890
7898
7898
7898
7898
7898
7898
7898
7898
7905
7905
7906
7913
7913
7913
7913
7913
7913
7913
7918
7918
7918
7918
7918
7918
7936
7936
7936
7936
7941
7941
7941
7941
7941
7941
7941
7941
7941
7955
7955
7955
7955
7955
7955
7955
7955
7955
7955
7963
7963
7963
7963
7963
7963
7963
7963
7963
7965
7965
7965
7965
7989
7989
7992
7992
7992
7992
7993
7993
7993
7993
7993
7993
7993
7993
7993
7999
7999
7999
7999
7999
8007
8007
8007
8007
8007
8007
8014
8014
8014
8014
8014
8020
8020
8020
8020
8020
8029
8029
8043
8043
8043
8044
8044
8044
8044
8052
8052
8052
8052
8052
8052
8052
8052
8052
8052
8052
8060
8060
8060
8060
8060
8063
8063
8063
8063
8063
8074
8074
8074
8074
8074
8074
8074
8074
8074
8077
8077
8077
8077
8077
8077
8084
8084
8084
8098
8098
8098
8098
8098
8104
8104
8104
8104
8104
8104
8104
8118
8118
8118
8118
8118
8118
8124
8124
8124
8124
8124
8124
8145
8145
8145
8145
8145
8145
8157
8157
8157
8158
8158
8158
8158
8158
8158
8158
8158
8158
8172
8172
8172
8172
8172
8174
8174
8174
8174
8174
8185
8185
8185
8185
8185
8185
8185
8185
8185
8185
8185
8185
8189
8189
8189
8189
8190
8190
8190
8190
8191
8191
8191
8191
8191
8213
8213
8213
8213
8213
8219
8219
8219
8219
8219
8219
8228
8228
8228
8228
8228
8228
8228
8231
8231
8231
8231
8231
8231
8240
8240
8240
8240
8253
8253
8253
8254
8254
8254
8254
8254
8254
8254
8254
8254
8273
8273
8273
8273
8273
8273
8273
8273
8279
8279
8279
8279
8279
8279
8279
8281
8281
8281
8281
8281
8281
8281
8281
8283
8283
8283
8283
8283
8284
8284
8284
8286
8286
8286
8286
8286
8289
8289
8289
8289
8289
8289
8294
8294
8294
8294
8294
8298
8298
8298
8298
8298
8306
8306
8306
8310
8310
8318
8318
8318
8318
8318
8319
8319
8319
8326
8326
8326
8326
8326
8326
8339
8339
8339
8339
8339
8339
8341
8341
8341
8343
8343
8343
8343
8343
8343
8346
8346
8346
8346
8347
8347
8347
8347
8347
8348
8348
8348
8348
8348
8348
8348
8351
8351
8351
8351
8351
8351
8351
8353
8353
8353
8355
8355
8355
8355
8355
8355
8355
8355
8355
8355
8356
8356
8356
8363
8363
8363
8363
8363
8363
8363
8363
8375
8375
8375
8375
8375
8380
8380
8380
8380
8380
8380
8380
8405
8405
8405
8405
8406
8406
8406
8406
8413
8413
8414
8414
8414
8414
8414
8414
8418
8418
8418
8418
8418
8418
8418
8418
8427
8427
8427
8427
8427
8427
8431
8431
8431
8431
8431
8431
8431
8431
8431
8433
8433
8433
8433
8433
8433
8436
8436
8436
8436
8436
8447
8447
8447
8447
8447
8447
8447
8447
8447
8447
8447
8447
8447
8447
8447
8447
8447
8449
8449
8449
8449
8449
8449
8449
8450
8450
8450
8450
8454
8454
8454
8454
8454
8454
8454
8454
8454
8456
8456
8458
8458
8458
8458
8458
8460
8460
8460
8460
8460
8460
8478
8478
8478
8478
8487
8487
8487
8487
8487
8487
8487
8487
8499
8499
8499
8499
8499
8499
8499
8499
8503
8503
8503
8503
8503
8503
8503
8503
8503
8524
8524
8524
8536
8536
8536
8536
8536
8536
8536
8536
8536
8536
8536
8536
8536
8539
8539
8539
8541
8541
8541
8541
8543
8543
8543
8564
8564
8564
8564
8564
8564
8564
8564
8564
8564
8564
8566
8566
8566
8566
8566
8571
8571
8571
8571
8571
8571
8571
8579
8579
8579
8579
8584
8584
8584
8584
8623
8623
8623
8623
8623
8623
8623
8623
8640
8640
8640
8640
8640
8640
8645
8645
8645
8647
8647
8647
8647
8675
8675
8675
8677
8677
8677
8677
8677
8677
8689
8689
8689
8689
8689
8689
8689
8689
8689
8689
8689
8695
8695
8695
8695
8695
8695
8695
8695
8695
8697
8698
8698
8698
8698
8698
8700
8700
8700
8700
8700
8700
8700
8700
8700
8700
8700
8700
8702
8702
8702
8702
8702
8702
8702
8714
8714
8714
8714
8714
8714
8714
8714
8721
8721
8721
8721
8721
8721
8721
8721
8721
8721
8723
8723
8723
8723
8723
8723
8723
8723
8723
8736
8736
8736
8752
8752
8752
8752
8757
8757
8767
8767
8767
8767
8767
8769
8769
8769
8769
8769
8779
8779
8779
8779
8779
8784
8784
8784
8784
8790
8790
8790
8790
8790
8794
8794
8794
8794
8794
8794
8794
8794
8794
8798
8798
8798
8798
8798
8798
8800
8800
8800
8800
8800
8800
8801
8801
8801
8801
8801
8801
8810
8810
8810
8810
8810
8810
8810
8821
8821
8821
8822
8822
8822
8822
8823
8823
8823
8823
8823
8823
8828
8828
8828
8828
8832
8832
8848
8848
8857
8857
8857
8858
8858
8862
8862
8862
8865
8865
8865
8865
8865
8865
8865
8865
8865
8865
8870
8870
8870
8870
8870
8870
8870
8870
8870
8870
8870
8891
8891
8891
8891
8891
8891
8891
8891
8894
8894
8894
8894
8894
8895
8895
8895
8908
8908
8908
8908
8908
8909
8909
8909
8911
8911
8911
8911
8911
8911
8911
8923
8923
8923
8923
8923
8939
8939
8939
8939
8939
8944
8944
8944
8944
8947
8947
8947
8947
8964
8964
8964
8964
8965
8965
8965
8965
8965
8974
8974
8974
8974
8974
8974
8974
8992
8992
8992
8992
8992
8992
8992
8993
8993
8993
8996
8996
8996
8996
8996
9001
9001
9001
9001
9001
9012
9012
9012
9012
9012
9012
9024
9024
9024
9030
9030
9030
9030
9030
9030
9030
9030
9042
9042
9042
9042
9042
9042
9045
9045
9045
9045
9047
9047
9051
9051
9051
9051
9051
9051
9051
9054
9054
9054
9054
9054
9061
9061
9064
9064
9064
9064
9064
9064
9064
9069
9069
9069
9069
9078
9078
9078
9078
9082
9082
9082
9082
9082
9082
9082
9082
9082
9082
9082
9085
9085
9085
9091
9091
9091
9091
9091
9091
9097
9097
9097
9097
9097
9097
9097
9097
9099
9099
9099
9100
9100
9100
9100
9100
9100
9102
9102
9102
9102
9102
9109
9109
9109
9109
9109
9109
9109
9110
9110
9129
9129
9129
9129
9129
9129
9133
9133
9133
9133
9133
9143
9143
9158
9158
9158
9158
9158
9158
9158
9162
9162
9162
9162
9162
9162
9162
9164
9164
9164
9164
9164
9164
9164
9164
9164
9164
9164
9168
9168
9168
9168
9174
9174
9174
9174
9174
9174
9174
9174
9174
9174
9174
9174
9192
9192
9192
9193
9193
9193
9193
9193
9193
9193
9193
9193
9193
9193
9193
9193
9193
9193
9193
9193
9193
9193
9204
9204
9204
9204
9204
9205
9205
9205
9205
9211
9211
9211
9219
9219
9219
9219
9221
9221
9221
9222
9222
9222
9241
9241
9241
9241
9241
9241
9247
9247
9247
9247
9249
9249
9251
9251
9251
9251
9256
9256
9256
9273
9273
9273
9273
9282
9282
9288
9288
9288
9288
9288
9288
9290
9290
9290
9290
9290
9290
9291
9291
9291
9291
9291
9291
9291
9291
9291
9291
9291
9291
9291
9291
9291
9309
9309
9309
9309
9309
9309
9309
9317
9317
9324
9324
9324
9324
9324
9324
9325
9325
9325
9325
9325
9325
9325
9325
9325
9333
9333
9333
9333
9333
9338
9338
9338
9338
9338
9338
9343
9343
9343
9343
9344
9344
9344
9344
9344
9344
9344
9344
9344
9347
9355
9355
9355
9375
9375
9375
9375
9375
9377
9377
9377
9391
9391
9391
9391
9391
9391
9391
9396
9396
9396
9396
9400
9400
9400
9400
9400
9429
9429
9429
9432
9432
9432
9432
9432
9432
9432
9432
9432
9432
9439
9439
9439
9439
9439
9439
9439
9439
9440
9440
9440
9440
9442
9442
9442
9442
9442
9451
9451
9451
9451
9451
9451
9451
9451
9451
9452
9452
9452
9452
9452
9454
9454
9454
9455
9455
9455
9455
9455
9455
9458
9458
9458
9458
9464
9464
9464
9464
9464
9464
9464
9464
9478
9478
9482
9482
9482
9482
9482
9482
9496
9496
9496
9496
9496
9496
9496
9496
9501
9501
9501
9501
9501
9501
9517
9517
9517
9517
9517
9517
9522
9522
9529
9529
9529
9529
9530
9530
9530
9530
9530
9530
9535
9535
9535
9535
9535
9535
9535
9535
9538
9538
9538
9538
9538
9545
9545
9545
9545
9545
9545
9547
9547
9547
9547
9547
9547
9547
9563
9563
9563
9563
9563
9567
9567
9567
9567
9580
9580
9580
9580
9580
9580
9587
9587
9587
9587
9587
9587
9587
9587
9587
9587
9587
9587
9587
9587
9587
9587
9593
9593
9593
9593
9593
9598
9598
9598
9599
9599
9599
9599
9599
9604
9604
9604
9604
9604
9604
9604
9618
9618
9618
9618
9618
9627
9627
9627
9627
9627
9635
9635
9635
9635
9635
9635
9635
9640
9671
9671
9671
9671
9671
9699
9699
9699
9699
9706
9706
9706
9706
9710
9710
9710
9710
9710
9718
9718
9718
9718
9718
9722
9722
9722
9722
9722
9722
9722
9728
9728
9728
9728
9736
9736
9736
9736
9737
9737
9737
9737
9737
9738
9738
9738
9738
9752
9752
9752
9752
9752
9752
9754
9754
9754
9754
9754
9754
9754
9754
9754
9756
9756
9756
9756
9756
9756
9756
9756
9756
9763
9763
9763
9763
9763
9764
9764
9764
9764
9764
9764
9764
9764
9764
9766
9766
9766
9766
9766
9766
9783
9783
9783
9783
9783
9783
9783
9783
9783
9783
9783
9783
9783
9784
9784
9784
9784
9786
9786
9786
9786
9786
9786
9786
9786
9794
9794
9794
9794
9794
9794
9797
9797
9797
9797
9797
9797
9797
9797
9797
9797
9802
9802
9802
9802
9802
9804
9804
9804
9804
9804
9809
9809
9816
9816
9816
9822
9822
9822
9822
9822
9822
9827
9827
9827
9837
9837
9837
9837
9837
9837
9837
9843
9856
9856
9856
9856
9856
9856
9856
9859
9859
9859
9859
9859
9859
9861
9861
9861
9861
9863
9863
9863
9863
9863
9871
9871
9871
9871
9871
9871
9875
9875
9875
9875
9875
9875
9879
9879
9882
9882
9882
9882
9882
9883
9883
9883
9885
9885
9885
9885
9885
9885
9885
9885
9885
9885
9891
9891
9891
9891
9891
9903
9903
9903
9915
9915
9915
9915
9916
9916
9916
9916
9916
9929
9929
9929
9929
9930
9930
9930
9930
9930
9930
9930
9930
9930
9930
9930
9930
9932
9932
9932
9932
9932
9932
9932
9932
9932
9949
9949
9949
9959
9959
9959
9959
9959
9968
9968
9968
9968
9968
9968
9973
9973
9973
9973
9973
9973
9973
9973
9981
9981
9986
9986
9988
9988
9988
9988
9988
9995
9995
9995
9995
9995
9995
9999
9999
9999
9999
9999