471
1
2
311
4
5
597
7
8
136
10
11
894
13
14
779
16
17
37
19
20
577
22
23
167
25
26
88
28
29
442
31
32
225
34
35
203
37
38
245
40
41
762
43
44
620
46
47
303
49
50
674
52
53
413
55
56
155
58
59
736
61
62
747
64
65
448
67
68
599
70
71
956
73
74
604
76
77
226
79
80
333
82
83
834
85
86
569
88
89
925
91
92
131
94
95
266
97
98
620
100
101
775
103
104
962
106
107
703
109
110
29
112
113
241
115
116
580
118
119
548
121
122
661
124
125
912
127
128
767
130
131
149
133
134
299
136
137
610
139
140
139
142
143
176
145
146
267
148
149
483
151
152
217
154
155
780
157
158
692
160
161
529
163
164
93
166
167
809
169
170
73
172
173
605
175
176
437
178
179
624
181
182
434
184
185
147
187
188
946
190
191
395
193
194
476
196
197
659
199
200
390
202
203
64
205
206
470
208
209
345
211
212
254
214
215
739
217
218
941
220
221
849
223
224
683
226
227
578
229
230
106
232
233
64
235
236
412
238
239
85
241
242
171
244
245
71
247
248
702
250
251
629
253
254
936
256
257
737
259
260
670
262
263
107
265
266
366
268
269
583
271
272
150
274
275
436
277
278
297
280
281
650
283
284
582
286
287
300
289
290
53
292
293
537
295
296
605
298
299
386
301
302
142
304
305
563
307
308
217
310
311
11
313
314
233
316
317
607
319
320
643
322
323
361
325
326
243
328
329
890
331
332
790
334
335
628
337
338
472
340
341
945
343
344
729
346
347
113
349
350
246
352
353
887
355
356
379
358
359
507
361
362
547
364
365
306
367
368
231
370
371
647
373
374
685
376
377
953
379
380
440
382
383
45
385
386
281
388
389
888
391
392
663
394
395
620
397
398
845
400
401
544
403
404
874
406
407
636
409
410
522
412
413
120
415
416
263
418
419
450
421
422
580
424
425
129
427
428
650
430
431
639
433
434
940
436
437
992
439
440
595
442
443
306
445
446
528
448
449
765
451
452
987
454
455
824
457
458
289
460
461
268
463
464
81
466
467
481
469
470
349
472
473
81
475
476
104
478
479
156
481
482
534
484
485
10
487
488
563
490
491
30
493
494
515
496
497
975
499
500
660
502
503
975
505
506
542
508
509
213
511
512
496
514
515
805
517
518
590
520
521
788
523
524
391
526
527
109
529
530
21
532
533
454
535
536
699
538
539
895
541
542
981
544
545
425
547
548
824
550
551
802
553
554
550
556
557
622
559
560
507
562
563
704
565
566
483
568
569
794
571
572
789
574
575
323
577
578
406
580
581
621
583
584
178
586
587
656
589
590
921
592
593
282
595
596
260
598
599
155
601
602
175
604
605
62
607
608
6
610
611
235
613
614
345
616
617
613
619
620
438
622
623
191
625
626
685
628
629
225
631
632
154
634
635
809
637
638
173
640
641
660
643
644
703
646
647
882
649
650
740
652
653
336
655
656
726
658
659
630
661
662
38
664
665
820
667
668
896
670
671
465
673
674
168
676
677
258
679
680
787
682
683
387
685
686
125
688
689
87
691
692
157
694
695
696
697
698
819
700
701
731
703
704
792
706
707
91
709
710
982
712
713
618
715
716
239
718
719
732
721
722
811
724
725
786
727
728
408
730
731
591
733
734
967
736
737
230
739
740
2
742
743
431
745
746
945
748
749
265
751
752
593
754
755
650
757
758
334
760
761
927
763
764
384
766
767
359
769
770
76
772
773
577
775
776
543
778
779
118
781
782
97
784
785
56
787
788
853
790
791
511
793
794
556
796
797
404
799
800
799
802
803
501
805
806
235
808
809
20
811
812
265
814
815
740
817
818
31
820
821
969
823
824
84
826
827
793
829
830
365
832
833
398
835
836
353
838
839
209
841
842
239
844
845
923
847
848
837
850
851
165
853
854
523
856
857
851
859
860
6
862
863
12
865
866
370
868
869
658
871
872
541
874
875
593
877
878
563
880
881
819
883
884
340
886
887
511
889
890
448
892
893
80
895
896
842
898
899
210
901
902
442
904
905
75
907
908
245
910
911
456
913
914
889
916
917
29
919
920
215
922
923
47
925
926
662
928
929
702
931
932
411
934
935
977
937
938
677
940
941
868
943
944
130
946
947
422
949
950
357
952
953
295
955
956
1
958
959
592
961
962
202
964
965
860
967
968
982
970
971
565
973
974
157
976
977
280
979
980
939
982
983
768
985
986
241
988
989
184
991
992
914
994
995
433
997
998
999