4
4
4
17
17
17
17
17
17
19
19
19
19
19
24
24
24
24
24
24
24
24
24
24
24
24
24
24
25
25
25
25
35
35
35
35
45
45
45
45
45
45
45
46
46
46
46
46
46
46
50
50
50
50
55
55
55
60
60
60
60
60
62
62
62
62
62
62
66
74
74
74
74
74
74
74
83
83
83
83
86
86
86
86
86
92
92
92
92
105
105
105
105
105
106
106
106
106
106
106
106
118
118
118
118
118
122
122
122
122
122
122
123
123
123
123
126
126
126
126
126
126
126
126
127
127
127
127
127
127
127
133
133
133
133
133
133
133
133
133
133
133
141
141
141
141
141
141
153
153
153
153
153
153
155
155
155
155
155
155
158
162
162
162
162
162
162
162
163
166
166
166
166
166
166
173
173
173
173
173
173
174
174
174
174
174
175
175
175
175
177
177
177
177
178
178
178
178
187
187
199
199
199
199
199
199
199
202
208
208
208
211
211
211
216
216
216
216
216
216
216
219
219
219
219
221
221
221
223
223
223
233
233
233
233
233
235
235
235
235
235
241
241
241
241
241
241
241
245
245
245
245
245
245
245
251
251
251
251
251
251
251
251
251
251
251
251
252
252
252
252
252
252
253
253
253
253
253
253
255
255
255
255
255
259
259
259
259
259
259
259
259
261
261
261
261
261
262
262
262
262
262
262
262
262
266
266
266
266
266
279
279
279
279
279
279
279
279
279
282
282
282
282
282
282
282
282
282
282
284
284
284
284
293
293
293
293
293
293
293
293
293
293
293
293
294
294
294
294
294
294
294
294
294
294
294
294
294
297
297
297
297
308
308
308
308
330
330
330
330
330
330
330
330
330
333
333
333
333
333
333
334
334
334
334
334
334
337
337
337
337
337
337
338
338
338
338
338
351
351
351
351
363
363
363
365
365
365
366
366
366
375
375
375
375
376
376
376
384
384
384
384
386
386
386
386
386
386
386
386
386
386
391
391
391
391
391
391
393
404
404
404
404
404
404
407
407
411
411
411
411
421
421
421
421
421
421
423
423
423
423
423
423
423
423
424
424
424
429
429
429
435
435
435
435
439
439
439
439
439
444
444
444
444
445
445
445
445
445
445
445
445
445
449
449
449
449
449
449
449
449
449
455
455
467
467
467
467
470
470
470
470
471
471
471
471
471
473
473
473
473
473
475
475
475
475
475
475
475
481
481
481
481
481
481
481
481
481
482
482
482
482
482
482
497
497
497
497
497
497
504
504
504
504
504
504
504
504
522
522
522
522
522
522
523
523
524
524
524
524
524
526
526
526
526
527
527
527
529
529
529
529
529
529
529
529
529
529
529
529
531
531
531
531
553
553
553
553
553
553
557
557
557
557
557
557
557
557
557
560
560
560
560
560
560
574
574
574
574
574
592
592
594
594
594
596
596
596
596
596
596
596
596
596
596
615
615
615
619
619
620
620
620
620
620
620
620
620
629
629
629
629
634
634
634
646
646
646
646
646
646
646
646
654
662
662
662
670
670
670
670
670
677
677
677
677
680
680
680
680
681
681
681
681
681
681
681
681
681
681
681
681
681
681
681
684
684
684
685
685
685
685
685
685
685
692
692
696
696
696
696
696
696
696
696
696
699
699
699
703
703
703
703
703
703
703
703
703
703
706
706
706
706
706
706
706
706
706
706
706
706
706
706
715
715
715
724
724
724
724
725
725
725
725
725
725
728
728
732
732
732
732
732
732
746
746
746
746
748
748
748
748
748
748
748
748
748
748
748
748
748
748
751
751
751
751
751
751
751
751
751
751
752
752
752
752
752
752
758
758
758
758
758
774
774
774
782
782
782
782
782
782
782
783
783
783
783
783
783
783
783
789
789
789
789
789
789
789
790
790
790
790
790
790
791
791
791
791
791
803
803
804
804
804
804
804
804
804
804
813
813
813
813
813
813
813
813
813
828
828
828
828
828
833
833
833
833
833
833
833
834
834
834
836
836
836
836
836
836
836
836
846
846
846
846
847
847
847
847
847
854
854
854
856
856
856
856
862
862
862
862
862
865
865
865
868
868
868
868
868
869
869
869
869
878
878
878
878
878
878
888
888
888
888
888
888
888
888
896
896
896
896
896
915
915
915
915
915
918
918
918
918
918
926
926
926
929
929
929
938
938
938
938
939
939
939
939
939
940
940
940
940
947
947
947
947
947
947
947
962
962
962
962
962
962
962
962
971
971
971
971
971
971
981
981
981
983
983
983
992
992
992
992
992
992
992
992
996
996
996