1
1
2
2
4
5
6
6
7
8
10
10
11
11
12
13
14
16
17
19
20
20
21
22
23
25
26
28
29
29
29
30
31
31
32
34
35
37
37
38
38
40
41
43
44
45
46
47
47
49
50
52
53
53
55
56
56
58
59
61
62
62
64
64
64
65
67
68
70
71
71
73
73
74
75
76
76
77
79
80
80
81
81
82
83
84
85
85
86
87
88
88
89
91
91
92
93
94
95
97
97
98
100
101
103
104
104
106
106
107
107
109
109
110
112
113
113
115
116
118
118
119
120
121
122
124
125
125
127
128
129
130
130
131
131
133
134
136
136
137
139
139
140
142
142
143
145
146
147
148
149
149
150
151
152
154
154
155
155
155
156
157
157
157
158
160
161
163
164
165
166
167
167
168
169
170
171
172
173
173
175
175
176
176
178
178
179
181
182
184
184
185
187
188
190
191
191
193
194
196
197
199
200
202
202
203
203
205
206
208
209
209
210
211
212
213
214
215
215
217
217
217
218
220
221
223
224
225
225
226
226
227
229
230
230
231
232
233
233
235
235
235
236
238
239
239
239
241
241
241
242
243
244
245
245
245
246
247
248
250
251
253
254
254
256
257
258
259
260
260
262
263
263
265
265
265
266
266
267
268
268
269
271
272
274
275
277
278
280
280
281
281
282
283
284
286
287
289
289
290
292
293
295
295
296
297
298
299
299
300
301
302
303
304
305
306
306
307
308
310
311
311
313
314
316
317
319
320
322
323
323
325
326
328
329
331
332
333
334
334
335
336
337
338
340
340
341
343
344
345
345
346
347
349
349
350
352
353
353
355
356
357
358
359
359
361
361
362
364
365
365
366
367
368
370
370
371
373
374
376
377
379
379
380
382
383
384
385
386
386
387
388
389
390
391
391
392
394
395
395
397
398
398
400
401
403
404
404
406
406
407
408
409
410
411
412
412
413
413
415
416
418
419
421
422
422
424
425
425
427
428
430
431
431
433
433
434
434
436
436
437
437
438
439
440
440
442
442
442
443
445
446
448
448
448
449
450
451
452
454
454
455
456
457
458
460
461
463
464
465
466
467
469
470
470
471
472
472
473
475
476
476
478
479
481
481
482
483
483
484
485
487
488
490
491
493
494
496
496
497
499
500
501
502
503
505
506
507
507
508
509
511
511
511
512
514
515
515
517
518
520
521
522
523
523
524
526
527
528
529
529
530
532
533
534
535
536
537
538
539
541
541
542
542
543
544
544
545
547
547
548
548
550
550
551
553
554
556
556
557
559
560
562
563
563
563
563
565
565
566
568
569
569
571
572
574
575
577
577
577
578
578
580
580
580
581
582
583
583
584
586
587
589
590
590
591
592
592
593
593
593
595
595
596
597
598
599
599
601
602
604
604
605
605
605
607
607
608
610
610
611
613
613
614
616
617
618
619
620
620
620
620
621
622
622
623
624
625
626
628
628
629
629
630
631
632
634
635
636
637
638
639
640
641
643
643
644
646
647
647
649
650
650
650
650
652
653
655
656
656
658
658
659
659
660
660
661
661
662
662
663
664
665
667
668
670
670
671
673
674
674
676
677
677
679
680
682
683
683
685
685
685
686
688
689
691
692
692
694
695
696
697
698
699
700
701
702
702
703
703
703
704
704
706
707
709
710
712
713
715
716
718
719
721
722
724
725
726
727
728
729
730
731
731
732
733
734
736
736
737
737
739
739
740
740
740
742
743
745
746
747
748
749
751
752
754
755
757
758
760
761
762
763
764
765
766
767
767
768
769
770
772
773
775
775
776
778
779
779
780
781
782
784
785
786
787
787
788
788
789
790
790
791
792
793
793
794
794
796
797
799
799
800
802
802
803
805
805
806
808
809
809
809
811
811
812
814
815
817
818
819
819
820
820
821
823
824
824
824
826
827
829
830
832
833
834
835
836
837
838
839
841
842
842
844
845
845
847
848
849
850
851
851
853
853
854
856
857
859
860
860
862
863
865
866
868
868
869
871
872
874
874
875
877
878
880
881
882
883
884
886
887
887
888
889
889
890
890
892
893
894
895
895
896
896
898
899
901
902
904
905
907
908
910
911
912
913
914
914
916
917
919
920
921
922
923
923
925
925
926
927
928
929
931
932
934
935
936
937
938
939
940
940
941
941
943
944
945
945
946
946
947
949
950
952
953
953
955
956
956
958
959
961
962
962
964
965
967
967
968
969
970
971
973
974
975
975
976
977
977
979
980
981
982
982
982
983
985
986
987
988
989
991
992
992
994
995
997
998
999