7007
4576
2706
1288
3777
2692
5460
8862
449
4434
6226
7736
3035
4115
9078
4710
5530
786
1820
2522
446
8822
6466
3336
1979
4417
7230
6330
3951
2248
4644
919
4870
5860
2952
5045
2065
5576
481
4988
3572
9635
8623
7389
6799
7448
9567
3139
944
45
3948
3209
5750
8306
5352
5181
4937
5746
9883
6531
2136
4126
2378
7276
7059
5432
8380
3112
2315
3421
3609
1658
2790
3367
5605
5084
7847
3634
1852
9587
3774
2189
1565
7763
140
1859
8044
2022
1962
4939
3219
6953
5162
1132
872
776
4461
6053
1669
1179
2886
4876
3252
5680
8640
3286
2393
7180
3596
1383
9061
92
6861
729
2328
5873
1048
5378
3351
4555
853
6785
6590
6037
1435
7306
5575
7730
796
9219
988
1861
3052
2013
6921
4407
6184
1319
2470
1429
676
3455
1732
6776
3110
5147
453
1386
2353
1575
256
5093
2244
2047
7605
6382
3045
736
9343
4994
5384
5162
1064
3007
4068
9256
2305
1270
1623
5363
4802
5280
4937
6036
5038
9535
2719
9193
1179
2310
5457
3818
2385
5419
2366
8524
7664
284
9598
4629
9671
1040
377
5617
2114
1088
9174
3381
6196
7478
8454
2050
4917
3108
5906
428
8798
6039
9794
2588
9699
6349
2671
7826
7999
6166
7515
7215
886
6968
6080
5618
8695
1045
3527
6594
8145
5040
9754
9051
1097
317
8539
6748
2136
1753
7863
7521
3001
8346
2965
9324
6068
904
2755
1673
2772
1277
9587
7857
3488
2584
7762
7152
1496
104
9882
1763
4190
2423
7480
6052
5848
389
3808
9097
8499
3911
8767
6089
2282
752
2002
6592
5831
302
9221
6853
9784
2472
6079
1690
1638
4679
828
565
2258
18
90
141
6305
1566
7704
3750
2234
6069
4556
4704
9837
279
8564
28
375
863
8431
5858
19
7496
2030
8911
1219
7551
4549
6994
3599
8794
6214
9545
2572
4201
5935
2872
1569
3884
9458
2170
3911
6278
8375
682
8543
5712
3645
2820
9496
2369
454
88
1761
3437
4820
4047
4972
4859
8158
6945
355
9099
8536
2902
4207
6615
3730
9211
5319
1562
6527
920
1942
1551
8456
2879
9728
6459
9618
1368
5430
9501
3566
5451
1368
469
8752
813
8043
6051
130
62
3915
2225
1626
7330
5267
8996
5385
544
6682
9871
1909
263
2032
4664
3593
8647
5065
1231
5771
9391
6905
9804
6095
2387
6785
3400
3130
2880
4841
559
9290
9763
79
8965
5764
9110
2335
1927
8413
829
3043
2083
9517
7281
60
4474
5409
1306
7250
8436
1680
1266
56
5829
1969
2839
372
5663
4779
1809
7182
9432
60
2038
1206
7037
5982
5178
5563
1000
391
9995
1113
5630
784
2476
3779
3147
5592
8447
1698
7874
9530
8185
7356
4512
5180
1953
6584
3153
4201
1513
1521
3189
6930
6080
6841
3860
992
4822
816
655
4493
3938
4789
2105
8052
5937
8348
6166
1430
3632
8689
9042
4559
4764
9756
5029
5320
1911
5366
1462
1118
5486
1723
3966
9986
9816
8623
1007
8723
6914
5830
3108
6729
2825
63
5563
5651
2872
800
6784
5811
1923
5688
1131
152
5202
7313
2637
7581
8098
453
7575
1696
648
755
4444
2150
2680
3681
9752
3549
981
2980
6656
1474
5562
8414
4220
9891
3608
3879
1571
4456
4353
2255
4725
7214
1588
1955
5903
7219
170
3838
939
1321
6273
66
7846
6405
5606
5703
8294
4599
1673
4819
7371
4863
7019
2346
452
5230
827
3896
406
379
1761
669
2873
2023
8363
4089
1172
5091
3751
1304
2394
128
8447
207
708
6871
5499
1096
8993
1914
5988
3002
4635
9706
9109
925
9100
6411
7863
2876
9249
501
2653
7003
2782
3917
2317
4923
866
2115
1504
6892
5245
1932
9451
835
7343
2195
3535
5597
6674
7516
3278
2130
1146
570
4176
8700
9164
6322
7637
4714
9069
3502
2571
8353
1356
3142
898
4146
723
7580
3758
1202
9722
1463
1149
86
3677
2163
4090
429
7552
5415
785
5906
2911
5927
1604
1250
9338
5371
8189
715
6913
1967
261
5606
2428
6396
1140
550
4255
839
650
4785
7452
6504
4989
5199
649
6622
1348
7840
307
530
3636
3747
9251
1545
6744
7941
2480
7645
2679
4054
3141
5774
7041
7906
1221
2357
5193
3102
8284
6842
8281
290
5288
215
5843
822
9736
5484
4388
6640
7780
9764
1006
1405
1725
3256
9222
3629
1141
3682
2154
8084
5890
405
6359
2654
8191
8923
5867
9875
5716
607
1494
5852
1480
3276
934
3477
1268
9797
7635
8355
9737
2007
1032
4807
9045
796
1860
2499
4802
6001
16
3565
9375
6939
7009
3810
7955
7669
5552
1885
9999
5517
9400
3400
1203
2815
7071
2625
3348
5138
5945
1073
2877
7058
3130
7290
2163
1197
1755
1455
7101
6339
9247
3128
8356
983
8213
821
9288
7691
8992
2019
9587
2251
4310
349
2098
9640
1718
2373
7392
985
5678
1139
6357
2237
140
4061
5344
1556
1971
3960
1377
110
9024
4045
906
2051
701
6928
3430
3461
8821
3341
7322
9859
2809
676
5963
6544
1923
5927
5361
8579
1930
8689
7963
3008
7253
7737
6163
7335
9843
4502
659
7483
9802
6534
5640
9718
3935
9162
5781
2507
2790
8020
8283
220
217
6612
1528
5533
8158
9439
5294
296
1300
2114
710
2355
2015
8341
5508
6831
8677
291
6605
9538
8231
2680
4486
3624
4420
44
5902
7733
6538
1168
6399
5278
590
1414
1681
5064
2174
3702
3008
1345
1894
3598
6239
9710
9856
3306
7580
1173
6047
3397
1638
2108
541
3678
2684
1777
9091
3118
8584
9563
9754
2536
3373
5345
6720
2130
1773
5578
1917
4148
397
6996
5014
815
4188
8185
1329
9168
4354
4319
2730
3076
1270
7471
5318
1966
6019
2249
9158
8487
12
9333
8318
981
4221
8029
2902
4063
4084
1193
7681
848
9903
891
1773
762
2823
108
3802
8174
1118
3063
1006
7913
6246
7125
1800
784
818
5944
1795
4511
3297
5900
7694
1070
7271
2074
4938
774
2286
5247
9347
1283
4510
6732
946
394
104
5328
3602
8908
9241
2563
194
1979
1469
9012
6043
9085
2258
2134
1219
5039
1247
9030
5697
6476
1396
3520
4594
5150
5283
3058
4682
3108
512
8289
8351
8757
918
1835
8339
131
634
2509
7280
8675
4307
7526
7529
7693
7754
4619
2078
6015
830
476
800
8279
8779
4007
5142
32
604
9164
9344
3084
7519
465
1306
387
7081
6838
6275
779
2217
3724
9054
4121
3521
4577
5320
4839
3570
3871
8828
566
1479
5671
1060
4966
4917
8007
1360
7588
1009
6244
8571
5378
8450
8228
332
8077
105
2298
795
8891
8063
9863
5509
8228
4798
223
834
3396
9282
9355
6356
6685
1249
7565
2419
2433
5848
5593
1223
8240
3416
33
5493
4335
1234
9377
221
1179
8431
3853
7635
9916
8947
1880
909
1933
6290
6503
8909
875
2243
4437
1056
5084
8964
24
405
8449
926
6899
6978
3439
6139
1645
5588
3403
5414
1778
1733
68
1890
9129
7651
9478
4493
1862
8254
7195
7541
7441
1202
4965
3116
2550
6358
4730
3769
8894
3972
8190
7279
7663
5146
2887
5489
2479
2224
1741
8310
1662
2668
7841
2778
9429
2354
2304
405
9193
6512
4231
7792
741
4488
7993
8645
9959
8895
6687
5574
3705
1654
4239
882
6451
2679
5617
6403
2079
8355
2078
554
861
4025
6921
3087
5272
4537
6066
164
8857
6154
2585
5978
6091
3433
4160
583
2991
1267
9204
5686
8736
1573
1053
8254
4665
3569
612
3512
1973
4819
5621
555
8503
5541
7989
6202
1932
8721
309
7793
4206
1925
1752
2428
9627
7819
7841
9529
9109
5881
2625
2334
1947
5271
8800
3694
2071
7775
3417
1144
5673
346
9915
2800
9317
1224
2748
2435
2824
7936
1985
3397
3121
9001
7788
2701
3933
9783
822
6627
5843
8347
5549
680
3282
6644
8447
7575
199
6763
599
555
371
6014
2679
7858
861
3818
1159
4560
1652
1406
2685
7623
1848
2366
542
981
3577
3813
1220
798
784
3007
2065
5579
9133
9174
2210
819
7248
7963
2519
1626
5244
2488
6274
8536
9064
2035
2510
2283
7496
7941
1410
1663
2236
2971
2582
1148
2343
7821
8405
9809
7123
8478
52
1584
2340
9764
5874
7657
8714
312
2257
5004
3146
8319
467
2026
7150
8858
3272
3931
2492
1467
1800
21
3429
4970
8571
9547
7696
999
2545
6436
3654
9344
3951
9102
495
2133
935
5634
157
9786
9452
7194
4454
2717
2436
4992
3944
3240
7550
3065
1384
1033
2133
514
2940
2321
358
3913
9082
1498
2287
5071
2000
1693
921
9309
2102
7890
7992
2837
1040
24
4768
9930
4921
1704
8458
5715
1100
8406
3863
2939
1972
807
868
7037
1111
4953
4655
1678
5167
4287
2616
2347
6617
348
7451
2005
417
3763
7822
7898
9822
1708
2662
3574
585
9193
7759
250
5876
777
2828
2667
201
7309
1099
2958
1120
5994
8124
7203
1061
9454
5924
6511
2025
8870
9981
9455
2376
1600
3072
5530
1628
1484
7542
6486
1168
4216
1435
7965
5590
1052
3316
2129
3997
7715
5027
8798
8974
1148
3992
1775
8326
9439
314
8052
1112
5092
4278
5314
4132
5600
6567
8219
6115
3041
5911
5648
2836
8157
757
1541
5932
1430
5224
7060
3273
8784
3331
7316
744
1014
9273
842
504
106
4690
6304
9599
2812
7135
2934
6587
5084
3003
4535
1307
7731
2530
510
3743
287
8870
6968
9885
78
3936
5660
1622
2398
3028
7352
3640
8769
936
2317
357
1366
6438
1150
500
4566
3599
5364
8790
7261
19
3590
8060
9482
415
9143
5720
2232
6326
5249
8801
3901
4163
3057
9082
2787
8541
1058
4933
789
812
1039
4324
9325
2043
5779
736
4396
6975
2579
4542
1689
8823
7807
7295
9885
3605
388
8118
734
1084
6229
4095
4075
6105
1308
447
7607
1703
5595
1959
4954
7918
3240
828
1365
8172
1161
1756
5076
7126
5947
4089
280
1872
7386
8298
342
9932
6172
5667
7658
2976
302
5553
7744
3755
9396
6955
8564
4521
9738
422
5112
6133
7617
7511
1062
590
9879
606
887
2173
2069
2433
2836
2422
1375
422
2683
8253
6423
6150
9988
2011
3939
254
787
2129
3233
6296
785
5340
40
6090
2151
6522
7024
8460
8810
780
3989
2703
4845
1260
6168
9949
4275
2208
6599
5852
1317
2912
2462
2727
9827
69
5853
878
3358
1730
8427
2605
6213
5448
6364
7563
7390
2244
4016
6979
5656
6556
9932
760
8702
1786
8700
7301
1871
2071
3193
5138
2779
4812
5303
3310
8865
9205
6371
5705
1575
2391
1979
7537
217
772
6350
1809
1958
1948
838
2820
4999
1446
6387
5856
5714
480
4282
8832
8014
259
1837
6130
1719
5882
125
7795
2212
6116
3597
5848
3063
6664
3353
894
2213
1881
6486
5860
7415
8074
5596
7719
2592
2547
882
3598
5104
4021
1689
8104
2984
2427
9291
2275
7679
3537
4565
6990
1797
2137
8947
2481
4182
6428
8939
4459
577
3982
1037
9580
9593
5781
9929
9861
2075
5435
8721
6268
369
8418
2161
5124
6647
6103
2860
5389
7245
1754
425
919
7436
6013
7150
5149
28
6283
9291
2000
2196
5228
346
8433
5828
5094
5797
3876
9440
4789
1289
7905
973
5166
1098
1884
9522
8992
7624
1815
8503
5533
896
7127
6832
1128
709
692
9968
158
4656
3733
152
2874
9766
5180
2191
3220
8697
6381
8566
9930
514
3685
652
2322
829
4056
8944
3438
277
6267
9973
5361
7170
1300
4507
8273
976
7087
6571
1933
9442
3554
7107
1585
3495
6483
7955
9464
7212
441
5687
3121
1634
8848
6342
3429
609
2064
2906
9192
6989
6288
2753
8286
1832
8343
1171
112
7080
9604
6677
7583
522
111
3614
664
9047
6304
9432
3081
5158
1102
2153
2963
7667
8698
2019
5824
9391
13
1752
7879
1079
772
3960
8821
8647
261
4310
104
4921
795
5435
1673
7580
8810
7019
78
2536
4090
8172
377
6729
5320
1365
760
2433
7037
8689
1479
565
4488
4789
453
4599
5178
8219
6921
5271
220
7253
9547
5671
199
8172
7657
6428
2828
2522
3632
4812
5484
7658
6014
6720
6968
5596
3939
467
4679
2030
1467
6014
1006
6776
5319
1754
207
8503
1120
1033
5848
8779
3189
4704
8052
1140
8794
9193
2026
779
2346
7521
1773
3997
2911
7280
2334
4560
8640
3147
4121
1575
8947
1837
4278
60
5595
6139
6615
6267
371
3730
8074
4917
4319
1202
973
4768
8536
8254
999
3572
3273
5460
2343
2108
757
4566
6405
1118
6504
62
2134
2902
1100
8380
2137
6196
5345
3116
2683
1528
2391
4644
680
4454
8351
4917
1881
2208
784
1306
2828
2828
3102
5927
9932
2385
896
90
5774
2258
510
8343
6013
1775
1360
2078
9587
819
7253
1171
741
7480
3358
8714
9102
976
465
682
4146
369
130
1224
2071
8894
1763
9861
106
6939
9671
9078
8380
7863
476
4089
4785
369
6154
4565
4560
6968
7807
9802
2779
6994
1693
8339
1052
7248
4819
5378
9882
2873
1469
3421
2015
3477
8014
3502
813
1179
7276
7058
4207
3297
985
2839
2680
2653
6978
1958
2755
9174
9078
3193
8891
6330
981
7152
5867
3597
4025
4576
7737
5280
4655
3624
1249
7580
4939
1584
2136
1703
6799
9193
6339
4542
2335
4507
4549
1680
3901
1795
3724
5860
2779
5415
2212
5094
9535
1100
7580
2423
8736
9804
8798
9871
8104
389
8098
4665
4115
5648
676
3397
3110
7071
8536
5352
4988
6899
2585
7550
6095
4802
8478
7635
5162
7575
3951
4789
1102
6627
7392
375
1800
7451
4937
9158
5224
476
6968
7542
1202
1933
896
1634
1504
6090
8891
2522
3430
9129
6975
1260
8279
6014
4839
8865
1446
8894
8185
4512
2877
5147
7107
5430
1032
4845
2667
9930
1562
8541
1118
2667
5927
3944
5419
1704
9375
680
6584
5076
5142
5509
2391
8348
7521
4182
7657
7669
3116
2002
164
7719
8964
5829
4388
8564
828
4454
8911
2706
2719
3121
2114
1528
1585
6527
607
5533
9429
5618
377
6592
3220
1498
9635
446
5852
3403
5906
861
5328
1498
8870
9671
1140
6968
1009
8431
692
4779
3417
7127
5092
8427
9109
446
5687
7999
2243
9129
5486
4635
3774
1088
7658
415
4061
4629
2703
2075
1366
7059
1410
2385
934
3433
6677
8343
1300
1064
495
7295
6239
835
8355
5378
3341
110
2820
8084
676
6339
1871
9529
5660
3678
3112
7898
1773
6945
263
9545
7195
3108
1498
5138
5605
2191
1128
2225
3960
6994
2304
3569
3565
5228
2376
7496
2102
8790
2355
5202
480
7637
1733
882
397
4820
2310
813
9999
1837
1360
2011
9309
1455
9064
2592
2115
2470
3853
1283
3084
8219
7150
2248
8723
8447
405
887
1689
9627
1588
6682
9885
1270
3876
21
7448
1148
1985
7037
9204
5363
1366
6268
296
8339
5385
9754
277
3597
1575
7301
6571
394
3331
5027
8405
2423
882
1144
4953
8752
4965
28
3397
612
3577
1467
7993
4089
8794
9763
447
6213
3535
5328
8286
4820
5371
6905
7276
5451
822
4287
9482
5563
7037
1626
9442
4870
2653
1462
6069
5651
3063
397
8074
2685
4576
5563
8158
9432
1144
7754
1689
2886
9517
701
9587
8447
28
2879
2249
6842
2322
6283
6405
9786
6617
4537
1202
5873
919
1396
2287
7736
1754
7343
4535
3417
4324
5014
2133
7874
3747
981
467
6556
2637
6913
853
2886
5288
5180
896
6080
1741
291
999
1496
2873
6037
8810
1128
3593
5828
5651
1832
2232
3818
9193
1112
4488
9451
9429
9464
2317
3433
807
6531
1953
4535
8043
2860
7448
6996
780
3130
541
1365
5530
5384
4132
4115
6531
1037
2790
9193
3599
2257
7580
762
7623
2976
918
2189
3045
4190
6330
2075
7736
104
604
9797
9535
3381
2286
105
2510
2934
152
609
6267
1307
9861
3997
2376
6968
3779
1202
789
6899
7691
8723
5288
813
405
6990
5071
3276
6647
6979
6080
2133
2102
6283
1871
8174
1985
9706
8640
2015
7993
4115
4512
5199
3353
863
346
9085
8077
6913
5345
9932
199
7993
6150
2102
878
9249
441
2563
7918
7669
785
3810
9988
816
5435
5750
1966
164
800
5764
9091
4063
7795
3118
2249
1053
8908
2098
1754
6350
3438
6567
9783
280
4163
4682
7316
3938
8700
8695
9219
8810
6154
2393
9205
5084
3876
28
1179
9054
2820
1545
2536
9547
6913
9517
2083
5617
3640
8158
1513
1861
6853
3705
1144
1007
8339
5460
8191
8355
9174
9451
4565
3750
6382
8566
9784
2879
8695
2286
680
6089
66
2971
7496
3570
5852
6459
8458
5828
2433
3233
8767
807
3282
5597
9222
4555
3381
3685
2616
3272
5853
7807
1197
1128
2692
5288
8944
7955
2064
4599
28
1753
3598
3565
2340
1741
708
8158
3911
2476
1099
827
2258
1973
8965
9822
2163
8406
3219
896
2717
7135
2492
1979
926
6861
9325
9042
3381
4163
715
4665
1141
2727
7135
2668
2679
501
6527
4307
3003
9915
28
309
1645
909
5549
5435
634
7135
2488
8346
3417
312
8294
5414
2000
3240
6014
822
7496
3917
469
5014
2151
4819
6326
1197
2074
3396
752
9458
2479
8964
2472
280
2234
5947
5860
1773
7276
5860
3554
9012
9247
983
4629
9783
5320
6330
7565
1435
453
2369
6476
5874
5328
371
1775
1321
8306
317
5509
604
1848
2824
9109
3461
6202
6428
6871
1484
9535
3939
3624
2812
1704
9783
861
66
284
2213
4063
1202
2244
3645
8536
715
9598
9442
2812
7253
5712
5750
5091
8536
2877
3041
1871
829
8564
8044
7519
3879
4937
8380
2519
649
3911
302
1797
839
9051
5811
7371
4939
5193
3272
7759
7135
5811
9174
4206
2130
2114
2480
9440
6928
3802
838
5230
541
4863
1430
1128
4679
5562
894
4206
875
6567
1634
8185
6089
3007
3913
9737
7316
8543
6522
3058
7918
3935
729
9882
2196
9030
2422
62
599
1654
4025
7624
3256
1197
2022
2133
4437
1562
5697
2102
1885
6968
1356
848
2286
7316
256
2304
1755
3597
7250
779
4841
9784
2965
3938
7645
4839
6089
453
7087
5673
4560
1498
2470
5040
3461
6503
2479
3609
7955
201
406
4807
8348
8757
7989
5860
8351
1969
1513
680
3997
9710
7635
5774
590
9737
6483
2083
848
5688
741
1575
3220
4275
7664
1368
1689
7696
5945
9432
5320
7664
2481
3272
2071
819
7863
5578
2075
1773
3276
1053
6115
9375
3640
3939
4132
112
1300
501
1681
9986
7448
7681
7719
6047
4917
648
2030
5245
2133
2906
919
2248
1689
6381
9109
18
5320
3439
9001
1719
827
9837
3853
813
8289
2391
4396
6037
1268
2115
6531
4565
447
6486
111
9604
1545
7203
332
9737
4434
5509
1140
1140
9915
1678
3605
5828
807
1304
7826
1604
936
5378
1179
3566
3108
2812
1953
5852
7679
6053
7858
1809
3429
9863
8779
5606
3433
919
2114
8145
934
6274
2692
4176
63
6364
3911
4275
9530
2282
921
1146
2902
6019
8380
5874
7963
6644
2283
2208
9482
2105
4089
1513
7607
9580
7150
1872
7679
786
7744
1761
5746
9458
7452
5630
2684
2887
3992
7060
1149
2298
302
8189
2283
1761
2065
1923
1300
5830
9241
3982
2984
9882
3598
4282
9174
1084
3233
8190
3911
3838
4789
6744
2000
4190
8298
8499
8104
5911
6744
1626
9587
6504
3052
8870
3502
6522
3045
985
6841
2310
5435
4714
8695
6538
375
9047
2030
7955
2079
3992
1032
9804
8254
4182
6387
2150
4231
2427
7605
6968
277
152
2353
1725
5605
8865
422
8185
2074
125
2317
8157
5414
1628
9391
7471
4839
3367
379
6921
78
7248
5988
981
9478
5994
3884
8346
1321
7515
5597
821
2170
8281
6283
140
4863
21
7552
476
4089
2321
9871
1932
8689
7941
5228
3972
9752
45
1386
744
63
1504
9012
5824
8499
1504
8348
4201
5579
2019
3081
3512
4090
4444
3951
1947
2572
909
8433
5415
2255
1680
4779
9291
254
3128
8363
2719
5094
4917
2435
4870
7846
2015
3810
9344
108
2971
405
5344
9973
2571
7250
8213
4335
4444
3035
164
5618
453
787
6411
1911
3057
394
5199
9587
6423
19
2423
4999
1890
9097
346
170
3008
66
6246
918
62
9338
4549
8014
5860
7496
9439
6978
9158
983
5247
5651
7135
7669
5314
2625
4714
201
5084
32
5112
1832
8098
5902
2419
504
9538
302
6166
2582
6592
4201
6594
8318
789
649
8283
5830
2258
2836
1366
6556
7719
4679
1111
3043
3915
5781
9344
5451
5663
2208
4549
5138
8714
8185
259
8172
6617
2971
3933
4068
9455
3730
5146
8947
4565
4095
1348
480
7309
481
6527
6089
5621
3430
7992
9464
9097
5595
377
5617
3502
106
9822
1890
8870
342
446
827
3913
9377
894
1575
465
5680
1014
5147
467
798
5104
4841
5678
9587
3142
800
5245
5166
522
2287
4512
9309
422
7392
5882
9192
1494
5150
5283
2902
6359
762
5272
5283
7515
5202
1925
8427
8213
3860
9593
3853
4989
762
9396
6617
1658
1319
6486
5004
2369
3276
7696
4845
4560
7515
861
812
3007
7846
5199
828
3153
7330
111
7841
6486
1102
8174
5378
2189
9783
785
1197
9529
2719
3219
5843
3860
9496
5271
5579
9164
999
2328
5345
8355
1626
2428
4619
1872
5593
9333
1141
1435
3779
7605
757
8375
2839
3252
5574
3417
86
2971
1096
4488
1927
2958
1571
8700
785
62
8536
2317
9432
5575
2550
3108
2492
105
4937
2255
4841
1479
9325
8418
9563
7386
1985
3763
9496
1148
6784
1752
4437
6274
4121
9091
4819
372
779
838
8363
8714
7152
5352
2074
1462
8355
9344
2730
2684
8689
8283
7007
3057
2887
1268
8406
425
4511
7436
7415
861
5509
5364
1719
981
7955
3118
1446
68
7125
6832
2163
9883
9085
4839
1923
6556
7253
5509
2971
104
3336
4972
5848
2592
7203
3598
4802
5771
2105
1345
7763
9164
4201
7496
6640
650
8891
4461
5829
2509
2825
1179
5230
259
220
4965
3609
3838
8647
157
1321
3705
2032
9051
5578
1148
4710
7081
3574
7821
1663
8449
2584
9816
6674
6411
5065
6278
7415
452
1504
2579
1060
9973
3599
5588
6682
3045
405
7694
4474
6080
2836
2545
4917
4789
28
4045
4207
2662
7679
2315
8478
4994
6349
7496
2354
7826
829
1872
2257
6382
7024
8326
9482
821
9995
5680
357
1754
5181
7037
2422
9102
8356
5247
8427
5530
2778
1626
9064
906
6381
1761
1435
1528
217
8801
1308
4537
2428
9756
3598
6090
4635
3416
6990
6014
4565
1890
4221
2210
3951
8677
8273
3008
5181
6163
3938
2114
69
1032
822
5882
6196
1283
5860
7788
7322
6512
4221
6274
918
3747
1307
4730
5084
2217
919
7230
822
652
1933
7003
7101
2069
2249
7754
6687
405
6358
2317
1446
7992
6399
9391
7694
3632
2874
2886
3512
4507
2115
6051
4188
5779
2820
5509
6451
2509
8351
1504
7763
921
8721
2820
4335
5533
566
9164
4619
9042
9598
1064
372
566
417
1260
5831
6785
5553
9885
8810
3455
317
985
2129
6729
7478
7941
6832
3108
1786
8414
5911
822
6592
6066
8700
8231
4988
5489
3108
9309
1953
7219
2480
1161
357
7754
9174
6640
2026
5994
7623
8254
9291
6720
8124
7941
9797
9069
9082
3130
3755
4965
7552
2671
6275
2026
6239
8822
215
6989
5084
6405
3429
7580
6744
6036
1079
2654
734
4939
5911
8721
1100
1100
7704
2129
6105
5167
6184
2692
469
1283
5617
3400
784
7890
3935
1725
7290
7715
9442
1663
8723
7664
9193
8084
6150
5320
2170
992
741
481
8286
5280
3677
829
4802
918
9344
7898
8800
3520
201
2685
5746
1820
4278
2150
1383
9168
5671
9827
7024
8794
1786
5811
4822
9999
2315
2347
926
7452
6451
4434
7936
1704
8865
1763
822
6587
861
7135
358
6154
6832
5578
8310
6214
1969
3028
542
4089
4599
3777
9012
1308
152
609
680
9786
9109
5597
6339
1690
3081
5084
4822
786
5065
896
863
2880
4201
3306
2492
4146
8450
8283
9440
3348
5091
2385
6399
1958
5249
5094
3939
5484
4511
387
3058
7637
1733
5294
4089
7795
2519
6150
8355
6994
2019
6184
779
8779
2232
2083
2755
829
6785
5890
2255
2317
6682
9091
2354
4682
541
5932
604
985
104
6567
3108
6154
1725
920
1880
1410
9355
3353
7605
388
8579
8447
1575
8007
6503
2251
9547
6594
5656
2880
1496
8460
5448
1045
5489
8974
8695
5228
8769
2108
6079
7386
5371
8020
2499
2196
6069
2906
9563
9968
6387
369
5858
6036
762
2683
7195
2258
3751
1365
7390
1494
2625
780
8700
2958
62
3108
2393
279
3116
5937
3599
585
3911
3777
1730
2043
8828
4282
5576
3678
2481
8145
1113
7936
2050
6953
8375
2886
2815
5640
2043
3397
3813
762
925
3043
8052
8723
5562
2991
514
2839
397
827
1588
829
1405
8213
816
1037
4132
7744
784
1097
2809
9432
3645
6322
2572
3087
2137
2572
2355
4176
406
9797
105
1375
2373
2023
5084
7521
789
8700
882
2584
2839
7058
5409
1852
5530
4576
5014
5084
1979
8992
5848
3520
5867
1097
7669
8294
5874
599
1131
1797
8702
7519
1800
9291
2790
6244
5874
1317
6172
9671
2479
1872
104
6647
4819
3733
6979
3935
5720
9699
2772
2911
4188
1009
5651
1345
8447
9288
1718
6531
8499
1268
342
217
939
78
5667
8543
2170
7301
752
6399
2315
8189
7007
2366
4420
918
1148
4710
5486
3535
4556
7483
5199
2971
6627
2679
6776
1039
1933
8281
2394
9343
815
9764
4789
2616
1696
853
5640
5640
24
7669
9482
4025
284
9338
4970
9439
9915
4188
5489
66
798
5673
6512
5040
3121
5947
6527
9133
1689
1884
2357
7496
1773
5663
8571
9496
6091
4324
1884
7003
1626
5202
9054
5617
8158
3572
7448
7657
9458
1171
3008
5781
5166
649
3417
8677
4690
1266
8677
5874
8449
5247
9061
4644
5876
7733
5328
1778
6080
7087
1979
3461
6330
8689
1626
514
1880
8823
6511
1300
9256
9193
777
6504
8487
7863
5147
542
6612
5829
5618
7335
3028
3992
6594
6534
2208
3002
5856
1266
834
2161
2790
4841
7669
5597
8723
6451
6687
9764
2692
6226
8414
9930
8769
5318
280
848
449
872
3931
1052
8240
3087
9538
3282
5272
7511
2317
8414
8341
6503
8810
2488
394
8284
2860
8539
2051
2078
9496
3997
7007
1693
5831
1634
1571
6538
1732
1469
1060
5267
8702
3521
4972
590
8158
4679
3901
8283
9863
6090
6052
2547
7392
4239
5224
1880
3810
887
8721
8503
6091
9325
6095
7550
3306
2510
3400
3153
1669
1455
3915
3810
6001
8319
2328
1730
6349
4437
772
199
3645
5432
5181
1073
5517
9545
2592
6978
6051
4839
7195
6871
346
1058
1626
2170
4056
9699
3273
9766
1566
7309
7529
3286
2013
976
4923
1037
9082
4704
828
550
5848
2823
2173
5714
3488
6214
8571
787
7879
5294
1148
2886
3502
5831
5874
2366
3121
3358
5712
9042
1112
3599
4859
2671
1462
9699
1933
5671
3911
8640
6290
3220
5094
2051
906
3810
530
3209
6674
5517
6438
6091
2007
828
2078
875
3549
1161
7526
1917
379
1932
8447
5630
5093
2887
848
1435
3351
1698
28
6037
3043
585
3142
3102
86
1435
7657
9718
1446
7730
2243
7637
9837
6359
757
1678
18
259
108
2002
6921
5600
2422
2536
4255
5906
2022
4061
5994
4007
8564
1680
6459
5781
9325
2026
1405
3433
4075
1118
530
3001
4434
6605
9754
9547
2719
8253
5716
4221
5409
744
9288
784
2071
1366
3813
44
4537
2191
1006
822
7322
4768
1932
7623
7993
3935
9816
6476
2343
7898
7637
4201
1365
5244
4016
650
5906
4388
2836
2730
6729
4221
5147
8702
9903
9241
542
2105
9211
12
4870
2876
2550
6150
1942
4730
2772
4207
7936
44
878
9995
3624
669
2328
32
8564
1979
3112
2902
8447
1673
3488
6001
4216
9051
4182
6411
6567
7624
8406
2078
1566
66
1040
3461
973
2902
4822
7152
3112
607
8723
469
772
8698
9587
5283
7840
5065
9764
6349
1007
5781
570
7965
3139
5595
2509
2340
7245
3593
2163
5484
2354
2258
4459
9324
9451
1396
9164
8695
3209
332
3685
279
944
2065
1815
2753
3577
755
1375
8865
8063
290
1224
1862
649
2189
7496
7279
1270
1270
8499
6459
3685
4474
1634
7037
2321
2668
7918
6945
5687
530
8752
5873
6504
8828
5858
1144
194
8273
8447
4970
1658
6687
4966
112
9247
796
8794
9193
3065
1308
904
3108
158
777
62
349
5294
8353
2163
875
7581
599
6677
1971
6068
2790
896
8714
8700
7452
3750
1383
3065
5202
5924
9221
3640
6278
9535
1283
2130
2692
2730
1959
1972
3108
8870
3331
1132
861
7541
7651
3747
7575
9756
4512
441
1219
8447
988
9604
4999
3141
1462
2170
5562
4434
405
9786
1429
8645
6975
3730
3008
3142
2522
3084
106
9580
254
2340
284
8862
256
9051
3678
2225
784
90
9891
4560
8974
1880
1386
6411
7230
3353
3747
277
5593
9794
4486
5781
4353
5552
1446
9754
2436
2251
5509
8231
4335
1914
898
8074
348
9875
452
449
8862
2002
3677
8254
6682
8944
5576
7575
9158
1966
4275
9593
5344
5656
3751
1932
2334
170
3233
8431
9219
1360
8566
7563
7775
8326
5797
6538
2685
9822
1148
7356
4655
4021
3935
9097
2940
3609
1645
4459
7583
4923
9440
780
6001
5856
7963
7215
1348
1566
6052
9875
3645
1469
5092
946
2683
259
3502
2304
3003
2170
9168
828
6296
3141
6403
2470
936
372
7905
8454
9754
5084
7807
2963
6996
1556
7007
7913
6359
3634
78
3306
9251
992
6013
9763
18
1815
650
776
8254
2423
1932
1039
1032
1410
152
1622
2071
3488
5409
8992
2163
5378
3209
7841
6592
6304
8273
8579
2679
2153
312
3310
5094
8355
5040
1234
2588
1681
9635
6871
5166
919
6403
2582
1033
777
7261
5181
5245
5435
1140
4054
3112
125
9290
4420
3593
2522
8689
7941
9930
110
2717
4859
8695
800
701
7389
4594
346
5352
8346
5811
8823
3341
2019
6322
1955
872
4068
590
1405
5038
2000
6930
1040
512
4679
6013
5084
1149
3598
3636
1953
2196
7371
4025
481
8431
5038
8273
476
1197
2874
8974
1056
4307
8433
2114
1521
3896
3429
7452
7215
7483
785
8870
9241
6627
348
3948
3130
4819
6246
4845
9930
4863
2488
5272
655
1663
6166
882
1317
5278
3636
4396
9501
307
4493
6511
8524
7822
3043
4789
8857
3084
7537
3750
6587
5451
7230
9338
2391
5448
480
9973
1795
1723
2071
5927
7846
1045
4923
375
3141
5830
6612
280
6278
1654
744
5371
2217
807
2114
5578
3142
7313
800
4089
6647
2237
1128
1141
217
1626
5588
8767
4084
9797
6945
2005
3147
6229
8964
6068
60
5994
3008
1288
9797
141
1306
5093
9501
152
8118
5150
2317
4176
1575
1277
4937
5509
2373
5076
9251
9400
1673
3417
495
8449
2011
2022
7150
9863
5093
2283
715
936
7194
1202
3065
5162
9973
8702
2083
8074
6656
9451
405
1300
9529
9091
7279
6622
7679
7306
5460
7281
449
6037
6838
7575
6154
5703
9738
6068
6677
2779
1375
9959
7898
3052
6939
7913
2499
1270
8503
5149
6214
2815
1102
9875
7037
9391
7037
1979
6599
4965
6015
7386
1755
3108
1753
919
4576
1070
4714
5651
8623
7847
787
447
9273
1959
3570
346
3052
9391
4785
848
542
3896
1732
4988
3599
6358
7645
2510
5944
3102
3421
7392
5084
3477
570
2079
5829
5606
7693
1985
7963
446
2005
2876
6990
1800
18
6476
3634
7780
1168
1386
887
4216
2872
2354
2163
1634
6274
9988
4287
7863
9764
7965
1435
8698
6339
4456
3220
2679
8909
6080
4965
5617
2133
2196
6036
5848
5499
5181
1161
369
5906
254
5065
9599
8063
1756
3477
7356
9563
2582
1006
3632
6080
4876
4798
2836
6989
882
4121
261
201
4629
789
3087
6015
1052
6116
1307
4822
3574
9883
7657
2385
13
9030
5071
6411
2874
6405
5656
7248
1345
4417
7552
736
9097
4937
807
3935
2828
9290
9174
7788
1925
7180
3951
512
9929
4160
5588
1039
2136
3045
4779
9464
6184
3336
5824
816
5597
3853
755
9885
6095
8974
1890
387
1626
3488
1969
2136
3367
7135
8870
4970
3072
1247
1446
3645
2462
8043
9288
5630
5873
3966
377
2035
5978
469
78
6544
1368
3429
3808
1673
2753
3599
8254
369
1498
5247
6486
1219
5712
3153
7826
1375
8700
1698
4556
1148
6115
8923
609
1202
906
8700
9309
2286
2772
4417
8564
5618
866
4725
3209
5890
1118
18
2153
5595
1467
7194
7007
3063
3367
2195
5541
5486
9593
4146
60
925
9722
542
3634
422
5867
86
2984
2249
5848
2115
6382
9452
8698
8865
634
309
5828
760
8413
5366
3549
7521
6275
6273
6590
1469
9671
1221
1100
1494
1730
7195
2286
3566
6664
9754
5430
6640
2282
5344
9932
5994
8823
7780
8348
7203
1973
4939
6486
3554
8454
918
701
201
3645
9193
3348
830
7126
3935
3008
8436
3863
9752
9635
6036
4556
5247
415
757
3128
2257
828
5004
2836
391
1628
1206
6664
7415
1277
388
882
5319
6647
4555
882
2334
6166
6268
60
5093
3121
1202
454
346
428
45
5142
898
796
5361
2820
6166
9856
3102
1911
1112
9766
6411
78
5038
1959
835
904
6350
5595
3189
1973
1673
842
9871
9288
3549
40
9794
5663
1234
69
2671
9530
7580
7219
1161
4282
709
872
1139
3110
4599
1179
6079
2047
2991
3112
3273
5352
369
9064
2701
7253
785
6522
469
7279
3220
554
6396
8487
2173
7107
6476
8298
2079
5084
2492
760
9158
6438
8974
3777
6853
9752
872
3209
5715
3189
140
7343
8487
9045
7541
4388
5533
3455
2719
1231
5344
8447
9251
7386
8536
8828
9064
3141
1088
5606
5224
3461
1270
5027
6784
842
9968
1150
1375
6914
4785
7658
2114
772
2481
8363
6095
90
6687
5900
3521
5409
6838
7037
5320
2050
1288
4063
8487
1662
7792
9973
7150
5517
3597
8318
6166
7343
422
8503
4502
6729
5045
16
3758
1948
9618
429
2366
2255
1289
1219
1039
5202
3527
1809
9932
1545
6748
5361
1786
9288
2902
417
1467
566
2114
6799
2047
4714
1463
3911
863
9988
7335
4089
1797
2015
1405
7694
9756
4635
1775
9164
6996
544
8911
5935
5988
8185
3429
7371
6892
500
405
1933
1118
8343
5517
9722
5245
8355
4188
2703
8996
2499
3948
348
4565
9205
7529
7898
776
3677
9439
1406
9291
1732
7731
6990
861
5320
8996
45
1930
4407
7992
9837
8380
3577
3286
7215
1809
79
866
6304
6080
6594
2839
795
8231
813
8294
1270
6036
3863
6466
5597
1270
9309
2196
606
5533
4220
5530
4953
9290
391
8571
7733
9400
2030
999
1128
6043
8449
5352
8689
8822
1100
3743
9722
5366
1979
4045
2208
9501
796
3002
5283
853
6861
5162
4201
3512
8891
130
5181
7658
522
784
2809
6996
9391
307
441
2298
1881
9797
6841
7537
2387
3052
6305
1832
822
5903
7955
872
3751
7281
7386
2428
8189
5937
542
1113
8992
5911
8689
7060
8298
8895
5112
8007
5385
6504
9885
1947
2191
1663
7898
9439
7763
8077
5158
8891
4988
2572
3348
3121
2880
838
1128
3863
5147
4206
6166
389
9618
2232
1462
1079
5419
3879
1626
8714
2213
3901
6275
9168
650
3605
1556
2163
875
4459
2354
785
8190
9455
5084
3694
9325
776
9219
5553
6989
9082
5267
9728
7290
5149
78
3233
9718
1859
1545
5852
6571
9738
787
2038
66
5592
8044
6567
9273
3400
8895
8289
5978
8318
2428
5245
2258
5094
878
8228
6339
4354
8185
5457
2820
33
16
5927
6799
140
1000
369
13
2971
3058
9051
7182
3488
760
5906
6163
4839
9291
3421
2860
1060
1820
5663
5320
446
5852
7588
3367
7542
3951
6955
1064
2683
4061
60
6677
8536
4388
5858
2019
6013
2243
821
68
5278
2958
2002
999
4255
8870
1885
7087
1088
449
514
1704
140
3598
514
2679
5202
1321
7664
2343
8450
2902
1698
5363
8584
2170
5004
2800
5493
2114
8098
9162
1368
1569
6080
8894
2727
8356
7963
9599
4486
8231
6627
7679
5320
4953
9001
3240
3147
2133
6387
5605
4146
5363
452
599
8769
495
2030
6989
7519
6503
9786
8800
6511
429
2782
7762
309
701
372
9783
6594
944
5947
8798
3146
3121
544
2078
1698
5575
7126
3001
6644
6239
6674
3982
1971
4045
7356
1732
6322
4061
2706
1040
4845
5267
8118
3802
3608
3421
1673
5363
3063
2912
8104
221
141
634
1521
2282
3273
3121
2667
514
2874
609
6382
1048
6133
7135
296
1032
3276
7371
9856
4016
2130
3116
3139
7150
1360
9722
8460
9291
2976
1638
2662
4841
3750
9929
4549
2433
2032
2391
125
7058
4474
6288
3936
2069
7261
2902
5065
8380
8279
5385
946
4454
7657
5618
7863
5040
2047
9097
1368
4798
5617
79
939
4207
2249
3951
3730
946
5927
648
1345
6387
1360
425
454
785
3951
676
8784
2545
111
8454
4644
5848
4307
9375
3636
1270
2616
7588
5911
9317
2530
9804
5499
221
32
8020
1202
1172
2952
3935
4488
9241
1270
5781
8566
1708
4576
1220
6871
4655
5064
7581
1917
7009
7526
1053
2940
5906
2071
1048
5605
7704
1953
6531
1584
104
9162
2886
8063
7471
5630
2984
92
4459
7478
1708
1368
9535
44
2065
2480
1932
6599
796
1575
3002
3685
9097
6339
5902
6163
8375
7737
6905
9205
3351
4121
9604
2470
5890
708
2114
3602
1430
2275
5621
510
4629
8279
92
8784
7637
5414
9916
2592
8219
2305
2019
8347
9324
4220
5902
6674
9193
1859
2874
692
4510
1048
5906
9064
3763
9891
5530
4965
1942
5829
9451
1197
3565
1202
2050
6594
3041
1689
5903
5084
813
1860
1626
4537
8363
8460
1832
4599
6503
4444
2237
4206
7754
8185
3240
8014
4644
309
2876
6069
5764
3276
4594
8044
1696
2232
6273
6350
7271
882
7759
7679
1308
5084
9174
2398
3896
3256
405
1319
2298
1972
3724
780
3614
21
1704
9786
1009
7290
3045
3348
1565
6622
4307
7306
1474
1000
1753
5716
4992
140
577
6166
1219
7913
887
8714
3052
816
5385
2129
1966
28
425
7941
988
512
1206
5272
3153
821
1073
9822
8769
358
24
3278
9932
6732
9754
7857
5797
2879
6357
6871
1234
1979
6640
7007
772
4965
1463
1698
3219
5147
7389
8923
5830
279
1429
4507
853
9110
9885
4549
9706
3911
5667
981
1860
4420
1219
3310
1962
8798
1756
3997
710
501
6163
3416
8339
829
6115
1881
819
2002
5146
279
4619
2394
1410
16
7343
24
4061
465
1345
1773
5937
5848
7759
4182
5065
7250
1223
3860
3035
2510
9794
9763
2236
9464
5811
2616
8174
2369
785
2083
2130
8478
2051
7515
5697
3876
6357
3041
2030
5409
24
3121
4917
6090
9097
4206
62
24
2836
3818
8779
4937
6799
3682
3477
9325
2249
981
8810
33
2836
6720
8801
6396
5590
9995
5267
1073
946
9930
2887
6899
7788
3219
4115
469
1925
6278
4420
9452
4845
2958
5499
2134
692
7316
5414
2065
7795
1885
5988
60
4474
358
332
8185
3802
2436
7780
21
8790
6687
9794
2366
9930
1249
6503
6968
1097
2154
8326
8911
7857
784
1979
1277
6202
6544
6838
3351
4047
4768
7316
3331
1565
5595
4988
1179
5366
2275
8700
1231
8487
7730
554
818
4819
9100
4025
1480
8677
8124
5860
2839
8564
2232
453
544
9856
9442
2572
2224
3400
5593
1360
24
1234
5530
7537
736
1680
6921
3433
4989
7736
2879
2902
250
3624
1096
2480
1719
3488
9932
9903
4493
9158
2815
8677
664
1967
6459
5040
3966
6091
6047
7847
9204
5874
7605
5029
5361
3252
9859
4016
112
1967
90
2000
5906
2507
8348
1139
6968
853
6459
3063
4456
1690
6239
8289
1219
32
3461
6990
5576
2105
9042
1623
199
8541
3818
9432
8623
2616
207
417
6013
1733
1006
8418
7637
9580
2151
541
9875
1168
1435
302
2952
1861
4016
7607
5278
7203
3477
7664
6466
467
5138
5906
9837
9738
3112
4146
60
1909
9324
2163
6275
6052
709
1860
9722
4132
9273
9192
9522
4047
6483
2684
780
2509
510
8347
9024
1321
6744
2357
585
2625
7295
4068
1148
44
7663
1584
215
5605
348
9766
4655
999
1723
6079
19
5104
599
3705
6905
4324
2952
207
6587
818
6486
6832
3130
2340
1128
2366
8447
4163
2812
110
7635
709
78
66
8458
7107
371
1056
5595
5927
981
3609
3598
1079
7858
1571
6278
6405
446
6387
8939
2189
2433
4486
9859
5064
140
5489
1148
8191
3602
3777
1741
3634
7480
5640
7436
2800
9133
2133
5605
2369
1498
9193
375
1171
2007
3624
4310
394
3045
8675
7651
934
287
2653
8273
4820
7847
5363
4921
6095
3876
9875
510
6014
2225
4789
3810
7059
296
3911
3951
1267
2820
3142
5415
5648
2679
9783
9174
2114
5720
1848
8579
3972
5199
9452
6438
1009
1266
1247
5828
4655
5578
5746
1410
5435
2373
8191
8541
454
6861
2680
898
4510
1430
838
4511
5288
9587
5294
5590
3336
6349
906
7681
2133
3871
3599
5606
1698
9282
1719
8098
1219
9736
5415
7261
3935
2340
2837
2772
1132
5618
3774
5230
1317
3599
4768
8254
8689
259
2876
1575
7913
5617
5345
7081
1064
8571
1662
6069
157
842
2105
2433
3035
9164
4576
3901
6274
9247
2991
8784
4190
2625
6053
7180
8279
4176
9054
1800
7792
5280
9042
1304
6428
6069
302
1061
24
3273
835
878
5448
5843
4388
259
1168
6504
1079
2136
128
4388
1663
9162
9783
1179
6052
9718
3141
3477
784
4502
2079
9291
9129
1662
8456
5671
6356
4160
3948
4644
9291
7696
2824
8449
6168
3681
6732
2208
2133
818
3430
2825
3763
5230
7271
8992
7821
5457
842
7059
7730
5634
7826
3041
425
796
2701
5409
5705
5902
3341
3751
752
2130
7245
5202
2189
44
829
3810
1097
5606
5457
828
6930
2727
8721
8993
3348
906
9291
1551
309
4820
1058
1319
6921
8219
1696
3310
8623
887
2317
2298
2136
8104
2212
9567
9100
715
3477
7248
9587
4182
2026
5597
7126
1979
2680
4488
5486
1348
6921
3112
3003
8640
5605
7580
4535
6861
9143
4444
1513
6930
6466
861
9221
9797
1752
5944
566
2013
422
6356
1860
6089
1584
7669
4396
2545
904
7471
5924
5860
5988
8821
6014
9451
800
3602
2671
8487
1161
5746
2317
3220
9193
8431
6196
9501
7635
5797
1947
1317
1942
201
5318
2304
3358
9973
7386
7846
9069
2911
8281
9091
882
1932
9333
6720
786
9959
3397
2353
8158
1009
1638
4207
5705
8007
590
8228
9482
501
3007
8007
7955
8286
4176
6504
4090
6763
3153
5340
3063
4644
8007
4664
3002
861
3705
2013
4764
6640
9932
5640
6115
676
1321
2480
4493
3733
217
898
469
5027
287
8939
3901
7019
4966
2287
4812
7436
9333
446
3838
8487
3755
215
2472
2136
3108
6748
1933
7605
110
5280
4921
3549
1979
6015
3310
887
1566
6411
5575
2787
9949
3063
5493
9338
5937
9756
3549
9722
9164
7580
566
5039
8450
1100
9530
5606
1566
6273
4512
3730
8279
8289
919
3917
9916
8794
2035
2433
4970
3116
2244
5228
3306
9517
1872
8714
1947
349
377
7993
8571
512
379
3565
9501
2393
8865
1060
7060
570
8911
585
577
1062
1283
5963
2335
4807
821
2310
3278
417
2038
692
7826
9452
2873
868
1132
1429
8458
1462
2258
6534
2727
2373
1730
8118
6356
1172
1786
2815
1909
1172
887
1429
8118
5363
3256
387
800
7963
9109
3057
3599
5303
8228
2248
8157
1289
3072
8298
9802
1463
6451
5617
2134
4798
6899
676
8281
60
7664
8645
2286
6184
44
842
4221
7182
7762
2025
2625
7793
6150
1053
125
254
6615
2939
1480
1462
5606
8584
3121
5320
3063
4876
6359
3146
3818
7389
9193
44
8145
63
5660
760
9290
2480
1837
1681
387
5617
815
8911
217
9737
279
1703
1761
9802
2874
296
9344
3537
2071
5320
1435
8865
3537
358
2213
3286
4937
2098
3936
2000
3512
2488
6239
6246
3306
6627
4190
158
5937
1429
9439
2433
2161
8564
5944
3400
5340
607
887
1172
2433
6928
7736
2069
7215
1377
3608
5697
2208
566
2470
1663
7480
6785
8564
9764
9222
2129
3645
2258
8253
3681
780
3141
5084
140
8965
1835
8499
5911
3495
853
5882
5149
346
8190
6534
4576
7080
3751
2727
6438
1698
342
7826
2824
9995
6304
3112
834
4576
2065
7135
1638
920
834
9054
1571
3007
1894
7780
906
1732
2880
4025
3043
7521
6622
358
8752
6955
4188
7993
1815
3960
6838
9535
1171
5873
8191
5104
9291
1277
5303
441
1006
5364
7309
9599
6522
3477
5617
1430
5199
8798
5935
4090
346
4542
1045
2872
8145
7306
3577
2823
3373
9837
800
4021
5272
8965
3694
2304
7245
3944
6091
2035
701
6842
9158
5378
2684
7890
104
387
5853
4486
9587
5900
397
1430
9710
3879
2232
3063
7471
2355
1429
2877
555
565
5945
4221
495
736
4310
4917
3397
2321
8702
5906
8219
1861
447
1862
5590
3593
290
7280
3273
7478
372
6330
8536
2130
8566
8996
7024
6130
8104
104
7215
5320
110
3007
3358
2369
6342
4555
9082
1141
480
397
465
1778
1479
5640
2815
3087
7335
9861
9856
4216
8347
1308
1623
9627
8289
9432
501
4933
2435
981
6612
7261
8172
8060
7663
7669
141
5843
1144
3189
5831
9968
9133
7309
8104
9291
9174
566
9604
861
3353
3065
8675
19
207
2387
891
5552
7152
2727
405
7496
3733
8524
708
3108
1270
1277
9535
9078
9752
4160
830
6975
6172
1894
2174
1455
2038
2378
6139
4690
3278
6150
2991
1446
4679
3549
7309
7306
465
659
3527
1384
9545
2860
981
1909
389
389
8564
6358
5267
983
5988
6486
371
2154
5935
86
5432
7807
5640
7480
6914
8273
391
8281
1006
8341
2354
8454
8124
1202
5249
3130
2133
4819
2114
5831
6184
1575
2582
1140
63
1321
5874
3681
1306
78
7637
2836
5982
3777
9567
8431
7775
9763
2886
1159
6853
7276
4063
8348
3913
5167
3057
4989
800
5963
3130
3130
6785
9587
4664
5244
5852
1566
6080
2249
9604
2136
7230
6720
6990
9930
9794
223
8240
112
1429
6356
7552
5352
3512
7352
2706
1809
5667
2019
4255
5366
4407
4764
4542
8647
510
1859
4512
1972
9338
8458
8499
5352
1894
6359
3495
1626
6423
813
6871
9827
8891
757
5460
8923
1430
2823
861
388
2161
7276
8063
2828
906
4730
9822
8029
131
7123
3632
692
1365
2667
9879
5852
2391
3549
555
6039
9973
1967
6531
6647
5750
1795
607
8454
7664
2257
9496
919
976
6350
3495
6068
1859
7516
1168
6322
6288
3608
5667
3590
3624
5874
314
1569
3153
33
6522
60
1569
3876
3521
2258
8158
2065
655
3437
6154
530
6428
3256
3110
9718
708
3960
5746
8794
2809
2984
5831
5247
5606
405
7127
8351
2779
6403
309
736
1224
1179
5162
3527
9375
8353
3632
5617
3142
2065
5004
2189
1673
6130
8447
3041
7624
8052
7537
4933
2637
6091
8700
9756
6115
8832
405
6172
2433
4559
3220
4206
5004
3913
4939
822
5180
277
4090
1219
4201
8460
6590
387
8405
9530
821
3960
131
8014
2232
1925
834
2971
7480
3901
9593
774
2462
1039
2137
6527
6405
5750
1730
6732
2115
4275
4054
5228
676
2130
1862
8077
8944
981
8721
2782
3430
3153
3028
9885
4089
1541
5193
284
5004
8908
128
5630
1289
2701
729
1048
314
9082
8052
1250
4163
5867
1755
5448
8294
680
6556
514
5457
5663
1496
9256
4021
6587
5318
12
7605
6357
1383
9309
3960
69
8974
5927
3052
4730
5414
9891
5640
7663
7135
606
3331
8800
2078
882
3549
8077
6226
1429
9959
5576
4068
6990
4146
8306
2433
6567
5848
125
3341
5484
1930
2022
9756
3743
5562
6861
7037
8427
6288
3818
2343
1088
4921
878
4999
2310
1430
60
2671
1718
1120
1693
2387
5084
2369
6784
609
8623
9885
3367
1662
8993
6039
8355
4054
7471
9930
8318
1179
6053
1221
2015
6590
7451
7483
555
1053
6968
3599
3931
417
2436
8326
9968
6914
6674
346
878
3358
9736
2668
3153
2912
1626
1979
1430
2074
1058
2428
8351
6359
4354
9766
9325
5963
1521
4992
1150
2007
5340
7819
6644
9728
263
1132
8894
9291
9627
6359
1925
3063
9333
2563
2823
7999
4785
8454
5409
2886
7107
8702
6538
3007
3614
9891
5549
9635
1070
371
6080
4988
4146
5533
1809
1723
9396
3992
2050
3429
2071
2130
8794
3403
1754
6052
1345
5597
4965
12
9193
8351
7821
5071
7898
736
8074
5045
453
63
2934
5673
9162
7343
9587
3438
9204
1234
3520
2877
9728
5541
8539
2366
7691
5667
5138
650
650
4444
9241
772
1383
3572
4870
5448
5705
8536
3939
5489
2234
5071
9783
3455
9162
9627
6590
894
3779
4714
3087
1809
1283
3527
2671
5244
8823
1979
819
8939
8857
7637
920
9635
3574
62
9988
3743
2387
9545
469
4599
1058
7624
5158
2038
5094
1673
755
8909
5927
5686
5651
5605
8822
3602
2435
2317
9432
5811
2772
1429
3733
2064
4785
612
9099
6091
8363
2317
7007
6342
5530
6968
2079
1696
4807
4461
447
1462
3763
7955
1474
4207
6091
377
3590
2322
256
1221
5860
5178
8449
3632
7261
5040
7863
904
7330
1604
6039
2286
19
692
7452
3931
9563
2492
7694
465
664
6556
3777
9968
19
5680
6423
5314
3008
5193
4056
5779
9547
6459
6350
19
4725
7127
3297
3416
1925
2790
2030
8418
4820
19
7182
3121
8281
4176
652
2225
4190
3128
1797
5663
2130
7607
9599
8414
5533
8433
66
6939
1797
1430
1959
5858
8447
7826
2991
9455
1927
5180
1973
6584
3935
4710
1014
9999
2748
946
3535
7415
1496
8623
4456
387
2727
261
1626
280
4493
1693
2823
112
2258
9856
1260
3065
1837
7657
3353
6047
7624
4231
66
5288
8343
2545
2428
5830
21
1266
9930
1809
8767
2433
4989
3437
8923
2286
2876
1061
1859
9706
6504
6080
3624
3751
357
5873
3310
6590
3297
2369
5092
3396
1064
3884
9045
8060
6647
379
3502
3876
2366
2887
7024
2706
4121
3593
5319
5963
21
9859
1000
3590
4090
7841
3599
8279
250
5142
3911
8363
590
7330
920
2820
2530
9030
342
1062
2980
3400
6647
449
5848
2258
1429
2075
6685
1307
1040
9432
1118
784
939
1140
9995
2251
6587
1638
669
7448
2213
1820
5371
1754
4599
7212
5084
9802
8124
3602
906
2547
86
919
6785
8339
894
1329
1681
7541
369
6544
981
3276
2129
1148
9344
3933
7841
7793
2032
8060
8414
3694
5178
822
3130
3802
9604
6166
8418
1959
4255
3353
279
1455
9355
4789
3747
2679
6013
2173
973
2772
1360
5697
2902
1932
7496
2906
5162
5040
1626
2971
3430
2196
9929
2971
7999
6268
1396
887
6512
3779
7623
1930
1118
1761
1947
8503
7009
2283
2173
201
5932
3634
7127
394
3397
9916
1927
9164
5630
2335
3598
760
5094
5064
723
9129
9102
785
2550
510
9587
4148
655
5076
4845
9710
8736
1446
2880
6154
6304
312
4599
925
2019
3112
5648
6387
7863
7356
9783
7451
7715
3001
9343
680
878
6066
8213
6411
1972
795
1652
1773
835
4785
5004
5911
1504
4061
6226
7537
7667
8240
2860
2007
2625
6053
1234
2078
1541
2243
5848
1329
8790
7003
2625
992
2684
5903
2322
2815
4565
7335
6483
6968
2213
1573
500
4999
1565
744
9859
919
5345
2385
2051
6853
7819
2161
1498
1645
9754
1513
5039
8281
7003
9082
6504
5600
1645
5876
9439
7150
3146
1678
6403
2790
1479
7663
3076
6953
2703
920
3193
8503
886
2488
1852
4802
2701
62
3597
1260
3747
9193
1835
7301
358
4324
7624
5093
2234
5508
9001
5630
5093
1410
259
3153
2680
3818
583
1752
1479
5720
4493
4511
779
8698
3931
2637
906
5167
9538
1383
5150
1006
5716
317
1693
4798
1118
3397
5927
6364
1662
9786
5460
9837
7150
1569
7356
6322
2753
2114
4121
5320
348
5856
2353
2234
2137
7245
8447
3884
8052
8454
9464
9999
6015
5606
8077
9377
1680
780
1308
5552
6053
701
9736
8800
8503
2225
1144
5873
2679
8052
780
90
1861
9538
3574
1289
5294
170
1179
2572
1927
8228
2976
6522
741
3733
8794
7537
664
4656
1852
2098
5673
5004
1948
9464
8721
4474
8433
2355
4665
946
4239
4644
9809
1645
6246
388
2963
514
6283
4115
7941
1948
9454
3913
798
848
6339
8405
3602
6268
3966
5409
1300
207
1809
3495
2433
2133
4056
3396
1084
1689
5288
7993
7762
839
4644
125
2129
4730
8801
3240
2043
1014
2991
7744
355
3640
3139
4966
2902
2043
5084
9344
7123
6838
5774
9764
3007
5071
9580
4917
9859
199
9710
1474
6785
3838
1923
6567
1800
7170
4876
1693
3400
1658
2347
24
16
290
5142
5415
6612
2820
891
9885
1773
1429
7212
141
199
5982
1009
5508
4841
9324
2662
1102
60
5389
723
6914
4474
7963
5149
2616
1052
1680
5746
9012
1927
9517
9451
6945
9064
8865
9193
5247
6322
2492
5945
317
7496
9871
7356
5178
4917
2154
5193
3057
6842
5663
4841
2011
1732
4444
6841
2772
7696
2703
8870
6015
5150
898
4461
2433
1098
9783
220
86
7913
5680
2321
9325
4966
6853
3654
3763
8319
3108
8326
1871
130
3437
5460
9082
9030
1368
1462
2423
5541
8074
554
4216
2679
7478
2906
8823
2079
2347
476
7219
2571
5873
784
1832
5180
3599
9204
7436
5320
7230
4007
8433
669
8640
5774
9030
8721
7541
9981
4876
3041
6339
9517
4207
1708
2991
7918
920
9635
7679
9567
5881
1250
4420
8347
2173
1056
2050
2129
7623
5352
7126
4556
1732
7607
1139
6339
7123
9797
312
2366
7918
2592
1061
504
3596
3917
701
3966
3353
1061
9129
3002
2050
3351
2519
5014
9580
5860
3733
504
2317
2719
9496
9024
2572
6359
4665
7731
882
501
7819
3577
3146
7552
522
1173
8536
1172
2257
5843
5843
8436
3121
838
4845
8584
7441
1435
90
607
3535
6914
2150
4148
3747
9756
6359
5924
1102
2244
1575
7715
6511
4160
7203
3634
7059
4221
1571
1179
3272
2353
8145
8848
3433
2476
454
8939
1662
348
2860
131
5714
4629
2545
3110
4954
992
7529
28
3705
3724
1927
5432
9291
2991
2592
8074
7448
6687
9783
1872
7955
830
6172
3838
7542
2354
2547
3035
2013
2244
6278
3058
110
217
2154
6511
1504
3911
3733
1102
170
3992
3654
522
1909
7295
2479
45
449
7215
9587
1052
1979
1528
453
90
5278
1270
2727
6405
6043
3960
9766
296
1202
8343
2335
6154
3130
346
4690
3058
3755
8231
4132
4190
1545
207
5705
6150
2173
302
1962
8185
125
1039
2244
3951
9069
19
5562
4690
3341
9804
4255
510
9396
8436
1979
6939
6423
7775
5605
8911
2839
3960
7024
454
4566
5630
2258
5781
829
6512
5830
1848
918
2030
5272
6089
1118
7858
3421
2427
6785
4789
607
981
3911
8858
7963
2662
1859
9001
796
5385
9764
9400
9784
3008
853
723
4188
9164
4084
3951
729
9030
7552
5618
6116
5712
422
1923
1623
2481
309
2965
7009
4710
3705
7343
1556
887
7511
7313
5517
9752
6244
7635
201
4521
110
1971
8965
9045
355
5924
6342
6051
8418
5414
2163
5430
774
909
2701
3430
9451
9051
3629
2940
6043
2790
4923
8052
3911
634
1179
4863
2825
9464
9496
9916
2347
786
6090
8800
7846
8996
3108
105
2912
1786
6538
4089
1435
4655
5178
1317
346
9618
6381
7150
369
4785
1654
1159
263
8363
5180
1149
2069
60
9547
7704
296
2571
8060
853
9100
2005
221
2637
1923
577
3118
510
389
2809
346
4785
7519
3763
2305
9756
2275
8020
1202
1800
3677
6364
1375
7480
6283
3118
4307
8375
8908
1405
66
2154
4160
2912
4789
2877
9797
3367
8174
16
5902
3252
1969
7480
2886
5147
2275
2934
6053
7389
5508
7516
9454
2427
1967
3682
4819
1224
6556
4231
2114
279
1150
5193
6930
785
1118
2022
3702
2170
422
5771
2002
6939
5856
1809
415
5180
3931
5876
7826
259
8286
7150
8273
8124
7719
9530
648
2571
1917
44
7496
3678
9545
2038
2902
2079
3915
1979
1673
5605
4556
1860
1070
5852
4917
375
7009
4594
779
5415
504
1752
3677
6103
7483
1565
2782
7993
2582
1752
3939
6617
3437
5779
346
7624
5811
8695
8623
4354
1528
4354
6066
5703
5671
2488
550
4160
7496
8992
5146
723
2963
7941
7658
973
1513
1268
2394
1761
5247
7330
5378
9783
1860
6968
7681
6622
5181
1088
1623
9102
291
3130
8431
5562
3913
1809
2376
6053
5352
8436
7496
5092
5648
8052
9082
6451
1202
60
3084
2836
604
32
4047
1270
6080
3002
5149
2836
1973
5178
6428
3677
5935
8723
8870
9030
7780
8454
170
9193
8427
2886
1100
3838
6892
6359
9949
1884
5245
3028
2939
6590
1283
5848
141
2051
5988
469
1146
9174
853
7731
12
5280
2013
7212
1277
4488
9082
6466
4714
7214
8499
1118
4559
7913
1654
284
3609
1144
3527
1862
3860
3502
2616
4456
9400
3072
495
5530
6892
2347
5605
8689
454
4917
9455
1159
5640
1761
5027
4789
8074
8790
6330
1809
6720
2730
4730
4324
1930
5228
7295
6166
9133
655
2782
946
9099
896
9211
946
5688
4537
9012
3072
7792
7496
9959
5703
7890
7715
379
5596
5600
514
6921
8020
9343
6436
1569
795
8695
7759
6213
1260
221
736
1132
4779
6785
2317
3416
3599
6567
4537
3733
920
3353
6405
4335
3065
5451
6036
7212
170
5320
7058
612
5162
7736
4089
3733
5178
7037
9324
7890
5831
3939
1693
1168
7248
5978
1446
2492
1306
2616
5432
1890
2366
4870
7309
1247
287
7863
5104
2991
7999
2887
6590
2019
8052
422
2879
2585
9856
6640
8801
5104
1150
1120
6459
4988
207
2958
5937
5094
3397
3598
9863
7744
1725
2225
9786
9882
6905
2727
7081
9618
5680
3108
9100
2679
3008
4148
784
8418
8118
7792
4454
3572
7580
307
4407
3520
5563
7150
2130
4239
504
7203
2114
2210
5112
9100
8891
7691
88
2353
4163
5166
7371
4454
5430
939
3936
5750
317
8721
9455
8723
2298
7696
2287
3730
388
287
6364
2706
2717
9290
405
1777
5848
936
5249
3429
2667
1052
2727
1484
4239
2668
9930
8460
2286
6438
6511
988
8228
3512
6105
6486
8536
939
422
5811
682
776
3605
6342
835
7667
6785
4785
2217
8767
5705
5084
7037
898
2837
3381
919
839
2874
3240
387
5457
583
4353
1719
5750
6617
9871
6656
863
7965
9162
8284
835
8908
1288
8185
1171
6945
3871
8418
8865
2836
5606
1909
6154
4459
406
4989
8801
2547
7041
5712
1681
349
8431
7150
5409
6036
2825
1131
1496
5533
8447