0
1
1
2
2
3
3
4
5
6
6
7
7
7
8
8
9
10
12
15
16
16
17
17
18
19
19
20
20
23
23
23
23
24
25
25
25
26
29
32
33
34
34
34
34
35
37
38
38
38
39
40
41
42
42
45
45
46
46
46
46
47
48
48
49
49
49
50
50
50
50
51
52
53
53
54
54
54
60
61
62
62
63
68
69
71
71
73
73
73
74
76
77
80
83
83
85
86
87
88
89
90
91
91
92
92
92
93
93
93
93
95
96
97
97
98
100
100
102
107
107
107
110
111
111
112
112
113
113
114
115
115
115
115
116
118
118
119
120
120
124
124
125
126
127
127
129
129
129
130
130
130
131
133
134
135
136
138
139
139
139
140
140
140
142
144
148
148
148
151
151
154
154
155
157
157
158
159
163
165
165
165
166
168
168
168
169
169
169
169
170
170
171
174
176
177
179
179
180
180
181
181
184
184
185
185
185
187
187
188
188
190
191
191
192
192
193
194
195
196
198
200
201
202
203
205
206
206
206
207
207
212
213
216
219
223
224
224
224
225
226
228
231
231
231
232
232
232
232
234
234
238
238
241
241
242
242
242
243
246
246
248
249
253
254
255
255
255
255
258
258
259
260
262
262
264
264
264
264
264
268
268
268
269
270
270
270
272
273
274
278
280
281
282
282
283
283
283
284
284
285
285
285
286
287
287
287
289
292
292
292
293
294
294
295
296
296
296
298
298
298
299
299
301
303
306
306
309
310
311
311
311
311
312
312
312
313
313
314
316
316
317
318
319
325
325
326
326
326
326
326
328
328
328
328
330
330
333
333
333
335
335
335
336
337
337
338
338
341
341
343
343
344
346
346
347
347
349
349
351
351
353
354
354
355
357
357
357
358
358
358
359
360
361
361
361
363
364
364
368
368
368
369
369
370
372
372
373
373
374
376
378
378
379
381
382
382
383
386
386
386
387
389
390
391
392
393
394
394
394
394
394
396
397
399
400
401
402
403
406
406
407
409
409
409
410
410
410
411
411
411
413
414
415
415
416
418
419
420
421
423
424
426
427
427
431
433
433
434
436
436
436
436
437
438
440
442
445
446
447
448
448
449
451
455
455
455
455
457
458
458
459
459
460
462
463
464
464
466
467
467
471
471
474
474
475
475
478
479
479
479
480
481
482
482
483
483
485
485
485
491
492
494
495
496
497
497
497
501
501
502
504
504
505
505
506
506
506
507
507
508
508
508
509
510
511
513
513
514
514
515
517
518
519
520
524
524
524
525
527
528
529
530
531
531
531
532
533
534
535
537
540
543
545
546
546
547
549
550
550
552
552
552
552
553
554
555
555
557
560
561
563
565
566
568
569
569
569
570
571
578
578
578
580
580
580
581
582
582
583
584
585
585
585
586
588
590
595
595
596
597
597
599
599
600
602
603
604
604
605
605
606
606
609
611
612
612
613
613
613
614
615
617
619
621
622
623
625
625
625
626
626
628
630
633
633
635
635
635
636
636
636
636
637
639
639
640
641
642
646
646
647
649
650
651
654
655
655
656
659
659
659
661
664
664
664
665
666
667
667
669
669
671
672
672
674
675
676
677
679
680
683
683
684
684
686
687
687
688
689
689
691
692
692
694
697
697
699
700
700
701
702
702
703
704
704
704
705
705
706
706
707
708
710
711
712
713
713
714
714
715
715
716
716
716
716
717
718
718
718
719
719
721
721
722
724
725
726
726
726
727
729
729
730
731
732
732
733
735
738
738
738
741
741
745
745
745
745
746
748
748
748
749
750
751
752
756
757
757
758
758
760
761
762
764
764
765
767
768
768
768
770
770
771
771
771
772
772
774
774
775
775
776
776
778
778
778
778
780
780
782
782
783
784
784
785
786
786
790
790
791
795
795
796
798
799
800
801
801
803
810
810
811
811
813
814
815
817
821
824
826
826
827
828
828
828
829
829
829
830
832
832
833
834
834
835
835
837
838
838
838
839
840
842
843
845
847
848
848
849
849
851
854
855
860
860
862
865
866
867
867
867
868
868
868
873
874
875
877
878
879
880
881
881
882
882
883
883
884
889
889
890
890
891
892
892
895
896
897
897
897
899
901
901
909
910
911
912
913
915
916
919
920
922
922
922
923
924
930
930
931
932
932
932
933
934
934
935
937
941
946
947
948
948
948
948
949
950
951
953
954
955
955
956
958
959
960
960
963
964
965
966
966
969
969
970
971
971
971
971
971
972
973
974
974
975
975
978
985
989
990
993
994
995
995
995
995
995
997
999