366
445
869
748
404
24
439
174
929
333
211
684
896
60
173
634
297
365
790
166
939
594
279
557
803
971
235
915
680
330
847
522
449
216
526
162
833
504
467
482
681
83
293
127
783
219
74
523
878
4
141
751
926
791
50
252
245
497
445
677
262
435
421
681
105
732
862
481
163
804
375
45
376
282
25
692
86
473
266
475
284
654
241
293
531
221
178
868
411
996
444
471
553
856
962
828
223
983
255
696
308
918
685
261
846
92
351
971
758
854
629
363
19
836
560
407
706
524
703
782
596
470
122
55
391
728
789
35
386
715
199
208
724
133
187
251
620
888
334
429
62
834
619
386
748
751
155
46
947
940
865
393
24
670
253
133
699
251
423
557
338
118
615
592
177
337
106
158
153
725
696
706
574
646
123
233
294
813
202
106
527
774
175
126
384
259
662
746
938
992
424
282
752
66
703
529
981
17
706
455
435
774
748
751
475
596
45
634
813
411
337
122
17
338
751
435
253
252
133
473
703
670
24
531
529
940
50
211
35
828
746
133
497
386
878
748
681
235
992
504
173
424
262
261
791
833
971
24
836
670
862
596
423
330
375
386
529
92
74
177
297
253
706
333
947
293
439
681
725
445
266
529
896
4
279
366
376
153
105
703
199
216
219
620
471
531
706
888
813
992
504
828
681
155
261
445
685
996
363
557
166
155
25
620
127
294
758
685
24
789
241
122
45
282
60
522
262
126
245
251
262
153
527
560
553
252
790
836
523
118
83
338
992
596
284
404
62
481
962
294
706
62
24
789
681
748
915
524
259
531
481
262
938
177
127
439
482
615
266
421
294
133
504
833
868
123
25
216
330
199
758
35
173
783
62
133
529
330
251
141
255
706
251
45
92
748
241
615
670
836
529
384
929
251
166
971
334
162
106
86
445
251
106
481
253
918
86
133
4
74
888
791
19
45
123
74
896
391
888
126
118
251
411
384
557
178
592
833
646
789
646
24
504
391
162
407
449
482
216
619
748
758
259
962
560
629
918
803
758
620
261
86
522
174
475
992
847
467
918
386
620
333
386
915
751
868
24
153
752
253
293
732
216
245
126
865
376
782
55
24
790
680
330
122
947
646
423
384
724
681
748
421
939
429
696
337
560
178
241
497
471
123
445
685
696
46
445
804
208
677
105
126
330
105
293
333
482
105
50
748
199
251
330
282
868
404
481
782
529
282
529
557
338
677
918
574
629
751
746
25
560
293
947
481
992
251
259
449
681
971
681
375
74
208
896
351
938
262
504
732
699
596
557
996
294
216
17
939
473
122
696
421
992
74
174
308
293
445
363
35
846
681
596
141
334
553
804
294
294
529
293
869
252
947
846
846
199
411
293
774
282
962
557
153
804
696
620
294
856
24
926
482
423
365
529
481
279
175
752
333
992
235
241
253
783
133
939
481
279
284
553
878
337
670
470
282
751
724
282
475
854
199
497
297
293
715
962
497
681
529
981
926
334
174
435
429
888
962
706
751
981
732
706
404
233
862
259
386
259
752
245
122
141
703
423
259
646
375
703
524
862
334
241
703
126
166
751
915
294
847
878
449
473
177
439
444
746
284
386
789
467
522
423
92
646
677
684
684
175
748
233
522
481
748
334
255
856
634
529
155
732
751
449
983
449
522
847
351
162
17
783
696
962
223
471
166
330
282
596
706
646
782
791
475
574
728
574
804
293
83
439
259
862
725
308
45
854
293
783
748
266
386
221
279
553
24
685
836
703
574
783
118
526
696
46
471
404
255
294
241
813
46
308
868
834
524
748
470
337
333
703
17
24
725
251
174
219
804
813
235
219
888
732
939
421
706
46
962
106
470
706
445
878
127
330
279
813
940
865
245
251
245
553
444
828
449
155
878
46
888
869
557
940
646
60
153
449
351
127
685
836
141
804
594
386
127
365
106
282
294
17
133
162
482
19
233
262
60
106
187
804
126
526
252
526
141
83
473
715
337
724
133
475
791
629
869
279
497
782
929
423
752
752
692
444
294
245
45
404
24
233
62
915
596
216
162
680
782
594
790
782
856
74
126
527
46
118
813
789
681
449
524
178
62
455
19
706
155
834
596
223
211
789
681
173
391
421
696
947
783
748
19
783
790
596
261
836
199
173
262
685
833
938
725
681
86
888
725
424
680
252
790
828
971
662
662
504
833
55
467
813
813
391
475
338
24
391
847
833
166
947
620
266
297
133
221
560
681
294
279
127
620
50
423
235
279
60
162
836
706
175
504
699
173
557
703
255
896
366
983