1
2
2
3
4
5
7
8
8
8
10
11
13
13
14
14
15
16
16
17
17
19
20
21
22
23
23
23
24
25
26
27
28
29
31
32
32
34
35
35
37
38
39
40
41
42
43
43
44
46
47
49
49
50
51
52
53
55
56
56
56
58
59
61
61
62
62
64
65
65
66
67
68
68
70
71
73
74
74
76
77
77
77
77
79
79
80
81
82
83
85
86
88
88
89
89
91
92
94
94
95
95
96
97
98
100
101
102
103
104
106
107
109
110
110
112
112
113
113
114
115
115
116
118
118
119
121
121
122
122
123
124
124
125
126
127
128
128
130
131
133
134
135
136
137
139
139
140
141
142
143
145
146
148
149
151
152
154
155
156
157
158
160
161
161
163
163
164
166
166
167
168
169
169
170
170
171
172
173
173
175
176
176
176
176
178
179
181
182
182
182
182
184
184
185
187
188
190
191
193
193
193
194
194
196
196
197
197
199
200
200
200
202
203
203
204
205
206
207
208
208
208
209
209
211
212
214
214
215
217
217
218
220
220
221
223
223
223
224
224
226
227
229
230
231
232
233
234
234
235
236
236
238
238
239
241
242
244
245
247
248
250
250
250
251
251
253
254
256
257
257
259
259
260
260
261
262
262
263
264
265
266
266
268
268
269
270
271
272
274
275
277
278
280
281
281
282
283
284
284
286
287
287
288
288
289
289
290
290
290
292
292
292
293
294
295
296
296
298
299
301
302
304
305
305
305
307
307
308
310
311
311
313
314
316
317
318
319
320
322
323
325
326
328
328
329
331
332
333
334
334
335
336
337
337
338
338
340
340
341
342
343
344
344
346
347
349
350
352
353
355
356
356
358
359
359
359
360
360
361
361
362
362
363
364
365
365
365
366
366
367
367
367
367
368
370
371
371
371
372
373
373
374
374
375
376
377
377
379
380
381
382
383
383
384
384
385
386
386
387
388
389
391
392
392
392
393
394
394
394
394
395
397
398
400
401
402
403
404
406
406
407
408
409
410
412
413
415
416
418
419
419
419
420
420
421
422
423
424
425
425
425
427
428
429
430
431
433
433
433
434
436
437
437
439
439
440
440
442
443
445
445
446
448
448
449
451
452
452
453
454
455
456
457
458
460
460
461
461
463
463
464
466
467
469
470
470
472
473
473
474
475
476
478
478
479
481
482
483
484
484
485
485
486
487
488
490
491
493
494
496
497
497
499
500
500
500
502
502
503
505
505
506
506
508
508
509
509
510
510
510
511
511
512
514
514
515
515
517
517
518
520
520
520
520
521
523
524
526
526
526
526
526
527
529
530
530
530
532
533
533
534
535
535
536
536
536
536
538
538
538
539
540
541
542
544
544
545
545
547
548
548
550
551
551
553
553
554
556
557
558
559
560
561
562
563
565
566
568
569
571
572
573
574
575
575
575
577
577
578
580
580
581
582
583
583
584
586
587
589
590
591
592
593
593
595
596
598
599
599
601
601
602
602
602
604
605
607
608
608
610
611
611
611
612
612
613
614
615
616
617
617
619
620
622
623
623
625
626
628
629
631
632
634
635
637
637
638
638
640
641
641
642
643
644
646
647
649
649
650
650
651
652
653
654
655
655
656
658
658
659
661
662
664
665
665
666
667
668
670
671
671
673
674
676
676
677
677
678
678
679
680
682
683
685
686
686
688
689
690
691
691
692
694
694
695
697
697
698
700
701
701
703
704
705
706
707
709
710
710
712
712
713
714
715
716
716
716
717
718
718
719
719
721
722
722
724
724
725
727
727
728
729
730
731
732
733
733
734
734
734
736
737
739
740
742
742
743
745
745
745
746
747
747
748
749
751
751
752
754
754
754
755
757
758
760
761
761
763
764
766
767
767
767
769
770
772
773
773
773
775
776
778
779
781
782
783
784
785
786
787
788
788
790
791
793
794
796
796
796
797
799
800
801
802
803
805
805
805
806
806
808
808
808
809
811
811
812
814
815
816
816
816
817
818
819
819
820
821
823
824
825
826
827
828
829
829
830
832
833
835
836
838
839
840
840
841
842
843
844
845
845
847
847
848
849
850
851
853
853
853
854
855
856
857
858
859
860
860
860
861
862
863
864
864
865
866
866
868
869
871
871
872
874
875
877
878
878
878
880
881
881
882
883
883
884
886
886
887
889
890
892
892
893
895
896
897
898
899
899
901
902
902
903
904
904
905
907
908
910
911
911
912
913
913
914
916
917
919
919
920
921
922
923
923
925
926
928
928
929
931
932
932
934
934
935
936
937
937
938
938
939
939
940
940
941
943
943
943
944
944
946
947
949
949
950
950
951
952
952
953
953
955
956
958
959
959
961
961
962
964
964
965
965
967
967
968
968
970
970
970
971
971
973
974
976
977
977
979
980
980
982
982
983
985
986
988
989
989
991
992
994
995
995
995
997
998
999
1000
1000
1001
1003
1004
1005
1006
1006
1006
1007
1009
1010
1010
1012
1013
1014
1015
1016
1016
1018
1018
1019
1019
1021
1021
1022
1024
1025
1026
1027
1027
1028
1030
1031
1033
1034
1034
1036
1036
1036
1037
1037
1039
1040
1042
1043
1045
1046
1047
1048
1049
1050
1051
1052
1053
1054
1054
1055
1057
1058
1060
1060
1061
1063
1063
1064
1064
1066
1067
1069
1069
1070
1070
1071
1071
1072
1072
1073
1073
1074
1075
1076
1078
1079
1079
1079
1081
1082
1082
1084
1085
1085
1086
1086
1087
1088
1090
1091
1093
1094
1096
1097
1099
1100
1102
1103
1103
1105
1105
1106
1107
1107
1108
1109
1111
1112
1113
1113
1114
1115
1117
1118
1119
1120
1120
1121
1121
1123
1123
1123
1124
1125
1125
1126
1127
1129
1130
1130
1131
1132
1133
1135
1136
1136
1137
1137
1138
1139
1140
1141
1141
1142
1142
1143
1144
1145
1146
1147
1147
1148
1148
1150
1151
1153
1153
1153
1154
1155
1156
1157
1157
1159
1159
1160
1161
1162
1162
1163
1165
1166
1166
1167
1168
1168
1169
1169
1169
1171
1171
1171
1172
1174
1175
1177
1177
1178
1180
1181
1182
1183
1183
1183
1184
1186
1187
1189
1190
1190
1190
1191
1192
1193
1195
1196
1198
1199
1201
1201
1202
1203
1204
1204
1205
1205
1207
1207
1208
1210
1211
1212
1213
1214
1214
1216
1217
1218
1219
1220
1220
1222
1223
1223
1225
1226
1228
1229
1229
1230
1231
1232
1234
1235
1237
1237
1237
1238
1240
1240
1241
1243
1244
1245
1246
1247
1247
1247
1249
1249
1250
1252
1252
1253
1253
1254
1255
1255
1255
1256
1258
1258
1259
1261
1261
1262
1263
1264
1265
1267
1268
1269
1270
1270
1270
1271
1273
1274
1276
1276
1277
1278
1279
1280
1282
1282
1283
1285
1286
1288
1289
1290
1291
1292
1292
1294
1295
1296
1297
1297
1298
1298
1300
1300
1300
1301
1301
1302
1303
1304
1304
1306
1307
1308
1308
1309
1309
1310
1312
1312
1313
1314
1315
1316
1316
1317
1318
1319
1319
1321
1322
1323
1324
1325
1327
1327
1327
1328
1328
1330
1330
1331
1333
1334
1336
1337
1339
1340
1341
1342
1343
1345
1346
1348
1349
1351
1351
1352
1352
1352
1352
1354
1354
1355
1355
1356
1357
1358
1358
1359
1360
1361
1363
1364
1366
1367
1367
1367
1368
1369
1369
1370
1370
1371
1372
1372
1373
1375
1376
1378
1378
1378
1379
1380
1381
1382
1383
1384
1385
1385
1387
1387
1388
1389
1389
1390
1390
1391
1391
1393
1394
1396
1396
1397
1398
1399
1399
1399
1400
1400
1402
1402
1403
1404
1404
1405
1405
1406
1408
1409
1410
1410
1411
1412
1412
1414
1414
1415
1415
1417
1418
1420
1421
1422
1423
1424
1426
1426
1427
1429
1429
1430
1430
1431
1432
1432
1433
1434
1435
1436
1436
1436
1438
1439
1439
1440
1441
1441
1442
1442
1443
1444
1445
1447
1448
1450
1451
1451
1453
1454
1454
1454
1454
1456
1456
1456
1457
1457
1458
1459
1460
1462
1462
1462
1463
1463
1465
1466
1468
1468
1469
1471
1471
1472
1472
1474
1474
1474
1475
1477
1477
1478
1480
1481
1483
1483
1484
1486
1487
1489
1490
1492
1492
1492
1493
1495
1496
1497
1498
1498
1499
1501
1502
1504
1504
1505
1505
1507
1507
1508
1510
1511
1513
1514
1516
1517
1519
1520
1520
1522
1522
1523
1523
1525
1526
1527
1527
1528
1528
1529
1531
1532
1532
1534
1535
1536
1537
1538
1538
1539
1539
1540
1541
1543
1544
1544
1544
1546
1547
1548
1549
1550
1552
1553
1554
1555
1556
1556
1556
1558
1558
1559
1559
1560
1561
1562
1564
1564
1565
1565
1566
1567
1568
1570
1570
1571
1571
1571
1573
1574
1574
1574
1576
1577
1579
1579
1580
1580
1582
1582
1583
1583
1583
1584
1585
1585
1585
1586
1588
1588
1588
1589
1590
1591
1592
1594
1595
1595
1596
1596
1597
1597
1598
1599
1600
1601
1601
1602
1602
1603
1603
1603
1604
1606
1607
1609
1609
1609
1610
1611
1612
1613
1615
1616
1616
1616
1618
1619
1619
1619
1620
1621
1621
1622
1623
1624
1625
1625
1627
1628
1629
1630
1630
1630
1631
1633
1634
1636
1637
1639
1640
1641
1641
1642
1643
1643
1644
1645
1646
1648
1649
1649
1651
1652
1652
1654
1655
1656
1657
1657
1658
1658
1659
1660
1660
1661
1661
1662
1663
1664
1665
1666
1666
1666
1667
1669
1670
1670
1672
1672
1672
1673
1674
1675
1676
1678
1678
1679
1681
1681
1682
1684
1685
1685
1687
1688
1688
1690
1690
1690
1691
1691
1692
1692
1693
1694
1696
1696
1697
1698
1699
1699
1700
1701
1702
1703
1705
1706
1707
1708
1708
1709
1711
1711
1712
1714
1715
1717
1718
1720
1721
1722
1723
1723
1724
1726
1726
1726
1727
1729
1730
1732
1733
1734
1735
1736
1738
1738
1739
1739
1740
1741
1742
1744
1745
1747
1748
1748
1750
1751
1753
1754
1754
1755
1756
1757
1757
1758
1758
1759
1760
1761
1762
1763
1765
1765
1766
1766
1767
1768
1769
1769
1771
1771
1772
1773
1774
1775
1776
1777
1777
1778
1778
1780
1781
1781
1782
1782
1783
1784
1784
1784
1785
1786
1787
1789
1790
1792
1792
1793
1794
1795
1796
1797
1798
1799
1801
1801
1802
1802
1802
1804
1805
1805
1806
1807
1808
1808
1810
1810
1811
1813
1814
1814
1816
1817
1819
1819
1820
1822
1822
1823
1825
1825
1826
1826
1828
1828
1829
1830
1831
1832
1833
1834
1835
1835
1837
1837
1837
1838
1838
1840
1841
1842
1843
1844
1844
1844
1845
1845
1845
1846
1847
1849
1850
1850
1851
1852
1852
1853
1853
1855
1856
1856
1858
1859
1859
1861
1862
1862
1864
1864
1865
1866
1867
1868
1868
1870
1871
1872
1873
1874
1876
1877
1878
1878
1879
1879
1880
1881
1882
1883
1884
1885
1885
1886
1886
1888
1889
1891
1892
1893
1894
1895
1895
1896
1897
1898
1898
1900
1901
1903
1904
1905
1906
1907
1909
1910
1911
1912
1912
1913
1914
1915
1915
1916
1918
1919
1921
1922
1922
1924
1924
1925
1927
1928
1930
1931
1931
1932
1933
1934
1936
1937
1939
1940
1940
1942
1943
1945
1945
1946
1947
1948
1949
1951
1951
1952
1953
1953
1954
1955
1955
1956
1957
1958
1958
1959
1960
1960
1961
1961
1963
1964
1964
1966
1967
1967
1968
1968
1968
1968
1969
1969
1970
1970
1971
1972
1973
1974
1975
1976
1977
1978
1979
1981
1982
1982
1984
1985
1986
1987
1988
1989
1990
1991
1991
1993
1993
1994
1996
1997
1997
1999
1999
2000
2001
2002
2003
2005
2006
2008
2009
2009
2009
2011
2012
2014
2015
2017
2017
2018
2019
2020
2021
2023
2023
2023
2024
2025
2026
2026
2027
2027
2028
2029
2030
2032
2033
2033
2035
2036
2038
2038
2038
2039
2041
2042
2042
2044
2045
2047
2048
2048
2050
2050
2051
2053
2053
2054
2055
2055
2056
2057
2057
2059
2060
2060
2061
2062
2063
2064
2065
2066
2067
2067
2068
2068
2069
2069
2070
2071
2071
2072
2073
2074
2074
2075
2077
2078
2080
2081
2081
2081
2083
2083
2084
2086
2087
2087
2088
2089
2090
2092
2093
2093
2095
2095
2096
2097
2097
2097
2097
2098
2099
2101
2102
2103
2104
2105
2106
2107
2108
2108
2108
2109
2110
2110
2111
2113
2114
2114
2116
2117
2117
2119
2120
2122
2122
2123
2123
2123
2125
2126
2127
2128
2129
2129
2130
2131
2131
2132
2133
2134
2134
2135
2137
2138
2138
2140
2141
2141
2143
2144
2146
2147
2149
2150
2152
2153
2155
2155
2156
2158
2159
2161
2162
2163
2163
2164
2165
2167
2167
2168
2170
2171
2171
2173
2173
2174
2176
2177
2179
2179
2180
2180
2182
2183
2184
2185
2185
2186
2188
2189
2191
2191
2192
2194
2195
2196
2196
2197
2198
2198
2199
2199
2200
2200
2200
2201
2201
2203
2204
2205
2205
2206
2207
2207
2208
2209
2210
2212
2213
2215
2215
2216
2216
2218
2218
2218
2219
2219
2221
2221
2222
2222
2224
2225
2227
2228
2230
2230
2230
2231
2231
2233
2233
2234
2235
2236
2237
2239
2240
2240
2242
2243
2245
2245
2246
2246
2247
2248
2248
2249
2249
2250
2251
2252
2252
2253
2254
2254
2254
2255
2256
2257
2258
2258
2259
2259
2260
2261
2263
2263
2264
2264
2266
2267
2269
2270
2270
2272
2273
2275
2275
2276
2278
2278
2278
2279
2279
2280
2281
2281
2282
2284
2285
2287
2288
2289
2290
2291
2292
2292
2293
2293
2294
2296
2296
2297
2297
2298
2299
2299
2300
2302
2302
2303
2305
2305
2306
2307
2307
2308
2308
2309
2310
2311
2312
2313
2314
2315
2317
2317
2318
2319
2320
2321
2323
2323
2323
2324
2324
2326
2327
2327
2329
2330
2332
2332
2332
2332
2333
2334
2334
2335
2336
2338
2338
2339
2339
2340
2341
2342
2344
2345
2345
2347
2347
2348
2350
2351
2353
2353
2354
2356
2356
2356
2357
2359
2360
2361
2362
2363
2363
2365
2366
2366
2367
2368
2369
2371
2372
2374
2374
2375
2375
2377
2378
2378
2380
2380
2381
2382
2383
2384
2386
2387
2389
2389
2390
2391
2392
2393
2395
2395
2395
2396
2398
2398
2399
2399
2401
2402
2403
2404
2405
2407
2407
2408
2408
2410
2411
2411
2412
2412
2413
2413
2414
2414
2414
2415
2416
2416
2416
2417
2419
2419
2420
2422
2422
2423
2425
2426
2427
2428
2428
2428
2429
2431
2432
2434
2435
2437
2438
2438
2439
2440
2441
2441
2441
2443
2444
2444
2446
2446
2447
2447
2448
2449
2449
2450
2450
2452
2453
2455
2456
2458
2459
2461
2461
2462
2464
2465
2467
2467
2468
2468
2470
2471
2473
2473
2474
2474
2476
2477
2479
2479
2479
2480
2481
2482
2483
2483
2485
2485
2486
2486
2486
2488
2489
2489
2490
2491
2492
2492
2494
2495
2497
2498
2498
2499
2500
2500
2501
2502
2503
2504
2504
2506
2506
2506
2507
2509
2510
2512
2512
2512
2513
2514
2515
2516
2518
2518
2518
2518
2519
2520
2521
2522
2524
2525
2525
2527
2527
2528
2528
2530
2531
2531
2533
2534
2535
2535
2536
2536
2537
2539
2540
2542
2542
2542
2543
2545
2546
2548
2549
2551
2552
2552
2552
2554
2555
2556
2557
2558
2559
2560
2561
2561
2562
2562
2562
2563
2563
2564
2564
2566
2567
2569
2570
2570
2572
2573
2575
2575
2575
2576
2578
2579
2581
2582
2583
2584
2584
2585
2586
2587
2588
2588
2590
2590
2591
2591
2593
2594
2594
2596
2596
2597
2599
2600
2600
2600
2601
2602
2602
2603
2604
2605
2606
2606
2606
2608
2609
2611
2612
2614
2614
2615
2617
2618
2619
2620
2620
2620
2620
2621
2623
2624
2624
2625
2626
2627
2629
2629
2629
2630
2632
2632
2633
2635
2636
2636
2638
2639
2639
2641
2641
2642
2644
2644
2645
2645
2647
2648
2649
2650
2650
2651
2653
2654
2655
2656
2657
2659
2660
2662
2662
2663
2665
2665
2666
2666
2668
2669
2669
2671
2671
2672
2673
2674
2675
2676
2677
2678
2680
2681
2683
2684
2685
2686
2686
2687
2687
2688
2689
2690
2690
2691
2692
2693
2695
2695
2696
2697
2698
2698
2699
2699
2701
2702
2703
2704
2705
2707
2708
2710
2711
2713
2713
2714
2716
2716
2717
2718
2718
2719
2720
2721
2722
2723
2723
2725
2725
2726
2728
2728
2729
2731
2732
2732
2734
2735
2737
2737
2738
2738
2740
2740
2740
2740
2741
2743
2743
2744
2746
2747
2747
2749
2749
2750
2752
2752
2753
2755
2756
2758
2758
2759
2761
2762
2764
2765
2766
2767
2768
2768
2768
2769
2770
2771
2773
2774
2776
2777
2777
2779
2780
2780
2781
2782
2783
2785
2786
2788
2788
2789
2791
2791
2792
2794
2794
2794
2795
2797
2798
2800
2800
2801
2802
2803
2804
2804
2806
2807
2807
2809
2810
2810
2812
2812
2813
2815
2815
2816
2818
2819
2821
2822
2824
2825
2825
2827
2828
2828
2830
2831
2833
2834
2834
2835
2836
2837
2839
2840
2842
2843
2844
2845
2846
2848
2849
2850
2851
2851
2852
2854
2855
2855
2857
2858
2860
2861
2863
2864
2866
2867
2869
2870
2870
2872
2873
2874
2875
2876
2878
2878
2879
2881
2882
2883
2884
2885
2887
2888
2889
2890
2890
2891
2893
2894
2894
2894
2896
2897
2899
2900
2900
2902
2903
2903
2904
2905
2906
2907
2908
2908
2909
2909
2911
2912
2912
2914
2915
2915
2917
2918
2918
2920
2921
2923
2924
2924
2924
2926
2927
2929
2930
2932
2933
2933
2935
2936
2938
2939
2941
2942
2942
2944
2944
2945
2947
2948
2950
2950
2951
2953
2954
2956
2956
2957
2958
2959
2960
2960
2962
2963
2965
2966
2967
2968
2969
2971
2972
2974
2974
2975
2976
2977
2978
2980
2981
2982
2983
2984
2985
2985
2986
2987
2988
2989
2989
2990
2990
2992
2993
2995
2996
2996
2996
2998
2999
3001
3001
3002
3004
3004
3005
3006
3007
3007
3008
3010
3011
3013
3013
3014
3016
3017
3017
3018
3018
3019
3020
3020
3022
3023
3025
3026
3028
3029
3029
3031
3032
3034
3034
3035
3037
3038
3040
3041
3043
3044
3045
3046
3047
3048
3049
3049
3050
3052
3053
3053
3053
3055
3055
3056
3056
3058
3059
3060
3061
3062
3064
3065
3067
3068
3070
3071
3073
3074
3076
3077
3079
3080
3081
3082
3083
3085
3086
3088
3088
3088
3089
3091
3091
3092
3092
3094
3094
3095
3097
3098
3100
3101
3101
3103
3104
3104
3105
3106
3107
3109
3110
3110
3112
3112
3113
3114
3115
3115
3116
3118
3119
3121
3121
3122
3122
3123
3124
3125
3127
3128
3130
3131
3131
3131
3133
3134
3136
3137
3139
3139
3140
3142
3143
3145
3145
3145
3146
3148
3149
3149
3151
3152
3153
3154
3155
3155
3157
3158
3160
3161
3163
3164
3165
3166
3167
3169
3170
3172
3173
3175
3176
3178
3179
3181
3182
3182
3184
3184
3184
3185
3186
3186
3186
3187
3188
3188
3188
3190
3191
3193
3193
3194
3194
3196
3197
3198
3199
3200
3200
3202
3203
3203
3204
3205
3206
3206
3208
3208
3209
3211
3212
3214
3215
3216
3217
3217
3218
3220
3221
3223
3224
3224
3226
3227
3229
3230
3232
3233
3233
3235
3236
3238
3239
3239
3241
3241
3242
3244
3245
3247
3248
3248
3250
3251
3253
3253
3254
3254
3256
3257
3259
3259
3260
3262
3263
3265
3266
3266
3268
3268
3269
3269
3271
3271
3272
3274
3275
3277
3278
3280
3281
3283
3284
3286
3287
3289
3290
3292
3293
3295
3296
3298
3299
3300
3301
3302
3304
3305
3307
3308
3309
3310
3311
3312
3313
3313
3313
3314
3314
3316
3317
3319
3320
3320
3321
3322
3323
3325
3325
3326
3326
3328
3329
3331
3331
3331
3332
3332
3334
3334
3335
3336
3336
3337
3338
3340
3340
3340
3341
3343
3343
3344
3346
3346
3347
3349
3350
3352
3353
3355
3356
3357
3358
3358
3359
3361
3361
3362
3363
3363
3364
3364
3365
3366
3367
3367
3368
3370
3371
3371
3373
3374
3374
3376
3376
3377
3379
3380
3381
3382
3383
3384
3385
3386
3388
3389
3389
3390
3390
3391
3392
3394
3394
3395
3397
3398
3398
3398
3399
3400
3400
3401
3403
3403
3404
3406
3407
3409
3410
3412
3413
3413
3415
3415
3416
3418
3419
3421
3422
3422
3424
3424
3424
3425
3427
3428
3430
3430
3431
3433
3434
3436
3437
3438
3438
3439
3439
3440
3442
3443
3445
3446
3446
3447
3448
3449
3451
3452
3454
3455
3457
3457
3457
3458
3460
3461
3461
3462
3462
3463
3464
3466
3467
3468
3469
3470
3472
3473
3474
3474
3474
3475
3476
3477
3477
3478
3479
3479
3479
3481
3482
3484
3485
3485
3487
3488
3490
3491
3493
3494
3494
3496
3497
3499
3500
3502
3503
3505
3506
3507
3508
3509
3509
3511
3512
3513
3514
3515
3517
3517
3518
3520
3521
3522
3523
3524
3526
3527
3527
3528
3529
3530
3531
3532
3532
3533
3535
3536
3537
3538
3539
3540
3541
3542
3544
3545
3547
3548
3550
3550
3551
3551
3553
3553
3554
3555
3555
3556
3557
3557
3559
3559
3560
3562
3562
3563
3565
3566
3568
3569
3571
3572
3574
3575
3575
3577
3578
3580
3581
3581
3583
3584
3586
3587
3588
3589
3590
3592
3593
3593
3595
3596
3597
3598
3599
3601
3602
3602
3604
3604
3605
3605
3606
3607
3608
3608
3610
3611
3613
3613
3614
3614
3614
3616
3617
3619
3620
3620
3622
3623
3625
3626
3626
3628
3629
3631
3631
3632
3634
3635
3637
3637
3637
3638
3639
3640
3641
3643
3644
3645
3646
3647
3649
3650
3652
3653
3655
3656
3656
3658
3659
3660
3661
3662
3662
3663
3664
3665
3666
3667
3668
3669
3669
3670
3671
3673
3673
3674
3676
3677
3679
3680
3682
3683
3685
3686
3686
3688
3689
3691
3691
3692
3694
3694
3695
3697
3698
3698
3700
3701
3701
3703
3704
3706
3707
3709
3710
3710
3712
3712
3713
3715
3715
3716
3716
3718
3719
3721
3721
3722
3723
3724
3725
3725
3727
3727
3728
3730
3731
3733
3734
3734
3736
3737
3739
3740
3741
3742
3743
3743
3745
3746
3748
3749
3751
3751
3752
3754
3754
3754
3755
3757
3758
3760
3761
3763
3763
3763
3763
3764
3764
3766
3767
3769
3770
3772
3773
3775
3776
3778
3778
3779
3781
3782
3784
3784
3785
3787
3787
3788
3790
3791
3791
3793
3794
3796
3797
3799
3800
3802
3802
3803
3805
3806
3807
3808
3809
3809
3810
3811
3812
3813
3814
3814
3814
3815
3816
3817
3818
3820
3821
3823
3823
3823
3824
3826
3827
3828
3829
3830
3831
3832
3832
3833
3833
3834
3835
3835
3836
3836
3838
3838
3839
3841
3842
3842
3844
3845
3845
3847
3848
3850
3851
3852
3853
3854
3856
3857
3858
3858
3859
3860
3860
3862
3863
3863
3865
3866
3866
3868
3869
3869
3869
3871
3871
3872
3873
3874
3875
3875
3877
3878
3878
3880
3881
3881
3883
3884
3886
3887
3889
3890
3890
3891
3892
3892
3893
3894
3894
3895
3896
3897
3898
3899
3901
3902
3902
3904
3904
3905
3907
3907
3907
3908
3910
3911
3912
3913
3914
3914
3914
3916
3917
3918
3919
3920
3922
3923
3925
3925
3925
3926
3927
3928
3929
3931
3932
3932
3934
3935
3937
3938
3940
3941
3943
3944
3946
3946
3947
3948
3948
3949
3950
3952
3952
3953
3955
3956
3957
3957
3958
3959
3961
3962
3964
3964
3964
3965
3967
3968
3970
3970
3971
3973
3973
3974
3975
3976
3977
3979
3980
3982
3982
3983
3983
3985
3986
3986
3987
3988
3989
3989
3989
3990
3991
3992
3993
3994
3995
3997
3998
3999
3999
4000
4000
4001
4003
4004
4006
4007
4008
4009
4009
4010
4010
4012
4013
4014
4015
4016
4018
4019
4020
4021
4022
4024
4024
4025
4026
4027
4028
4030
4030
4030
4031
4033
4034
4034
4036
4036
4036
4037
4039
4040
4042
4042
4043
4043
4045
4045
4046
4047
4048
4049
4051
4052
4054
4055
4057
4058
4059
4060
4061
4063
4064
4066
4066
4067
4069
4069
4070
4072
4073
4075
4076
4077
4078
4079
4081
4081
4082
4084
4085
4086
4087
4088
4088
4090
4091
4093
4093
4094
4096
4097
4099
4100
4102
4102
4103
4104
4105
4106
4107
4108
4108
4109
4111
4112
4114
4115
4115
4115
4117
4118
4120
4121
4123
4124
4124
4126
4127
4129
4130
4130
4130
4131
4132
4133
4134
4134
4135
4136
4136
4138
4139
4139
4141
4141
4142
4143
4143
4144
4144
4144
4145
4145
4145
4147
4148
4150
4151
4153
4153
4154
4154
4156
4156
4156
4157
4157
4158
4159
4159
4160
4162
4162
4163
4165
4166
4168
4169
4169
4171
4172
4172
4172
4174
4174
4175
4177
4178
4180
4180
4181
4182
4183
4184
4186
4187
4187
4189
4190
4192
4193
4194
4194
4194
4195
4195
4196
4198
4199
4201
4202
4203
4204
4204
4205
4207
4207
4208
4210
4211
4212
4213
4214
4215
4216
4217
4218
4219
4220
4222
4223
4225
4226
4227
4228
4228
4229
4231
4232
4232
4232
4234
4234
4235
4236
4237
4238
4238
4240
4241
4242
4243
4243
4244
4246
4247
4248
4248
4249
4250
4252
4253
4255
4256
4257
4258
4259
4259
4259
4261
4262
4262
4264
4265
4267
4268
4270
4271
4273
4274
4274
4276
4277
4277
4277
4279
4280
4282
4283
4285
4286
4288
4289
4291
4291
4291
4292
4293
4294
4295
4297
4298
4299
4300
4301
4302
4303
4304
4306
4307
4307
4307
4309
4310
4311
4312
4312
4312
4313
4315
4315
4316
4318
4319
4321
4321
4322
4324
4324
4325
4325
4327
4327
4328
4330
4330
4331
4333
4333
4334
4336
4337
4338
4339
4340
4342
4343
4345
4346
4348
4349
4351
4351
4352
4354
4355
4357
4358
4358
4360
4361
4362
4363
4364
4365
4366
4367
4369
4369
4370
4372
4373
4375
4376
4376
4377
4378
4378
4378
4379
4381
4382
4384
4385
4387
4388
4390
4391
4392
4393
4393
4394
4394
4395
4396
4396
4397
4399
4400
4401
4402
4402
4403
4405
4405
4406
4407
4408
4409
4411
4411
4412
4414
4415
4415
4415
4417
4418
4420
4421
4421
4423
4424
4425
4425
4426
4427
4429
4430
4432
4433
4433
4433
4435
4436
4438
4439
4440
4441
4442
4444
4445
4447
4448
4449
4450
4450
4451
4451
4453
4453
4454
4456
4457
4458
4459
4460
4460
4462
4463
4465
4465
4465
4466
4468
4469
4471
4472
4472
4472
4474
4475
4476
4477
4478
4480
4481
4483
4483
4484
4485
4486
4487
4488
4489
4489
4490
4492
4493
4495
4496
4498
4499
4499
4501
4501
4502
4504
4505
4505
4505
4507
4508
4510
4510
4511
4513
4513
4514
4514
4516
4517
4517
4519
4520
4522
4523
4525
4526
4528
4529
4530
4531
4532
4532
4532
4534
4535
4536
4537
4537
4538
4540
4541
4543
4543
4544
4544
4544
4546
4547
4547
4549
4550
4552
4552
4553
4555
4556
4558
4558
4559
4561
4562
4562
4564
4565
4567
4568
4570
4571
4573
4574
4575
4576
4577
4577
4579
4580
4580
4582
4583
4585
4586
4588
4588
4589
4591
4592
4593
4594
4595
4597
4598
4599
4600
4601
4603
4604
4606
4607
4609
4610
4612
4613
4614
4615
4615
4616
4618
4618
4619
4619
4621
4622
4624
4625
4627
4628
4630
4631
4633
4634
4634
4635
4636
4636
4637
4637
4639
4640
4642
4642
4643
4643
4645
4646
4646
4648
4649
4651
4652
4654
4654
4655
4655
4657
4657
4657
4658
4658
4659
4660
4661
4663
4664
4664
4665
4666
4667
4668
4669
4670
4672
4672
4673
4675
4676
4678
4679
4680
4681
4682
4684
4685
4687
4687
4687
4688
4689
4690
4690
4691
4693
4694
4694
4696
4697
4698
4699
4700
4700
4702
4702
4703
4703
4705
4706
4708
4708
4709
4711
4711
4712
4714
4715
4716
4717
4718
4720
4721
4723
4724
4726
4727
4729
4730
4732
4733
4733
4735
4736
4736
4738
4739
4740
4740
4741
4742
4744
4745
4745
4745
4746
4747
4748
4750
4751
4751
4753
4754
4756
4757
4757
4759
4760
4760
4762
4762
4763
4765
4766
4766
4766
4768
4769
4771
4771
4772
4774
4775
4777
4778
4780
4781
4781
4783
4784
4785
4786
4787
4788
4789
4790
4792
4793
4793
4794
4795
4795
4796
4798
4798
4799
4800
4800
4801
4801
4802
4804
4805
4807
4808
4810
4811
4811
4813
4814
4816
4817
4817
4819
4819
4820
4821
4822
4823
4825
4826
4828
4829
4831
4832
4832
4834
4835
4837
4838
4838
4839
4840
4841
4842
4843
4844
4845
4846
4847
4847
4849
4850
4852
4853
4853
4853
4854
4855
4856
4856
4858
4859
4860
4861
4861
4862
4864
4865
4867
4868
4869
4870
4870
4871
4873
4874
4876
4877
4879
4880
4880
4881
4882
4883
4885
4885
4886
4887
4888
4888
4889
4891
4892
4892
4893
4894
4894
4895
4896
4897
4898
4899
4900
4901
4901
4902
4903
4904
4906
4907
4907
4908
4909
4910
4911
4912
4913
4915
4916
4917
4918
4919
4921
4922
4924
4924
4925
4926
4927
4928
4930
4931
4933
4934
4934
4936
4936
4937
4939
4939
4940
4942
4942
4943
4945
4946
4948
4949
4951
4952
4952
4953
4953
4954
4955
4955
4956
4957
4958
4958
4958
4960
4961
4963
4964
4966
4967
4969
4969
4969
4970
4970
4972
4973
4975
4976
4978
4978
4978
4979
4981
4982
4984
4984
4985
4987
4988
4988
4990
4991
4993
4994
4994
4996
4997
4999
5000
5002
5002
5002
5003
5004
5005
5006
5008
5009
5011
5011
5012
5014
5015
5016
5017
5018
5020
5021
5021
5021
5023
5024
5026
5027
5029
5030
5032
5033
5035
5035
5035
5036
5036
5037
5038
5039
5039
5039
5041
5042
5044
5045
5047
5048
5049
5049
5050
5051
5051
5053
5054
5055
5056
5057
5058
5059
5060
5060
5062
5063
5065
5066
5066
5067
5068
5069
5071
5072
5074
5075
5076
5077
5078
5080
5081
5082
5083
5084
5086
5087
5089
5090
5092
5093
5094
5095
5096
5098
5099
5099
5099
5101
5101
5102
5104
5104
5105
5106
5107
5108
5110
5111
5112
5113
5114
5116
5117
5119
5119
5120
5122
5123
5124
5124
5125
5126
5128
5128
5129
5131
5132
5134
5135
5136
5137
5138
5138
5138
5140
5141
5143
5144
5146
5147
5147
5149
5150
5150
5150
5151
5152
5153
5155
5156
5158
5158
5158
5159
5160
5161
5161
5162
5162
5162
5163
5164
5165
5167
5168
5170
5171
5173
5174
5175
5175
5176
5177
5177
5179
5179
5180
5182
5183
5185
5186
5186
5186
5187
5188
5189
5189
5189
5191
5192
5193
5194
5195
5195
5197
5198
5200
5201
5201
5202
5203
5203
5204
5206
5207
5209
5210
5212
5213
5213
5215
5216
5216
5218
5219
5221
5221
5221
5222
5224
5225
5227
5227
5228
5230
5230
5231
5231
5233
5234
5234
5236
5237
5239
5240
5242
5243
5244
5245
5246
5246
5246
5248
5249
5251
5252
5253
5254
5255
5255
5257
5258
5258
5259
5260
5260
5261
5261
5262
5263
5264
5264
5266
5267
5269
5270
5272
5273
5275
5275
5275
5275
5276
5278
5279
5281
5282
5283
5284
5284
5285
5285
5286
5287
5288
5290
5291
5293
5294
5295
5296
5297
5299
5300
5302
5302
5303
5305
5306
5308
5309
5311
5312
5313
5314
5315
5316
5317
5318
5318
5320
5320
5321
5321
5323
5324
5326
5327
5329
5330
5332
5333
5335
5335
5336
5336
5336
5337
5338
5338
5339
5341
5342
5342
5344
5344
5345
5347
5347
5348
5350
5351
5352
5353
5354
5354
5356
5357
5358
5359
5360
5362
5362
5363
5365
5365
5366
5367
5368
5369
5370
5371
5372
5374
5374
5375
5375
5377
5378
5380
5381
5382
5383
5384
5386
5387
5387
5389
5389
5390
5390
5390
5392
5393
5393
5394
5395
5396
5398
5399
5401
5402
5402
5404
5405
5406
5406
5407
5407
5407
5408
5410
5411
5411
5413
5414
5416
5417
5419
5419
5420
5422
5422
5423
5424
5425
5426
5428
5429
5429
5431
5432
5434
5435
5436
5437
5438
5440
5441
5441
5443
5444
5444
5445
5446
5446
5447
5449
5449
5450
5451
5452
5452
5453
5453
5455
5456
5456
5458
5459
5461
5462
5463
5464
5465
5465
5467
5468
5469
5470
5470
5471
5471
5472
5473
5474
5474
5476
5477
5477
5479
5480
5482
5483
5484
5485
5486
5486
5486
5488
5489
5490
5491
5492
5494
5495
5496
5497
5498
5500
5501
5502
5503
5503
5504
5504
5504
5506
5507
5508
5509
5510
5512
5513
5513
5514
5515
5516
5516
5518
5519
5520
5521
5521
5522
5523
5524
5525
5527
5527
5527
5528
5530
5531
5532
5533
5534
5536
5537
5539
5540
5541
5541
5542
5543
5545
5546
5548
5548
5549
5549
5551
5552
5552
5553
5554
5554
5554
5554
5554
5555
5555
5556
5557
5558
5558
5560
5560
5561
5563
5564
5565
5566
5567
5569
5569
5570
5570
5571
5572
5573
5575
5576
5578
5578
5579
5581
5581
5582
5584
5585
5587
5588
5590
5591
5593
5594
5594
5595
5596
5596
5597
5599
5600
5601
5602
5603
5605
5606
5606
5608
5609
5610
5611
5612
5613
5614
5614
5615
5617
5618
5618
5619
5620
5620
5621
5623
5624
5624
5624
5625
5626
5627
5629
5629
5630
5630
5632
5632
5633
5635
5635
5636
5638
5638
5639
5640
5641
5642
5643
5644
5645
5645
5646
5647
5648
5649
5650
5651
5653
5654
5656
5657
5658
5659
5660
5662
5663
5665
5666
5667
5668
5669
5670
5671
5672
5674
5674
5675
5677
5678
5680
5680
5681
5681
5683
5683
5684
5684
5684
5686
5686
5687
5689
5690
5690
5692
5692
5693
5695
5695
5696
5698
5699
5699
5701
5702
5704
5705
5707
5707
5708
5709
5710
5711
5711
5712
5713
5714
5716
5716
5717
5719
5720
5722
5723
5725
5726
5728
5729
5731
5732
5734
5734
5735
5735
5736
5737
5738
5740
5741
5742
5743
5744
5746
5747
5749
5750
5752
5753
5753
5755
5756
5756
5758
5759
5759
5760
5761
5761
5762
5762
5764
5765
5766
5766
5767
5767
5768
5770
5770
5771
5771
5773
5774
5774
5776
5777
5778
5779
5779
5780
5781
5782
5783
5785
5786
5786
5788
5789
5790
5791
5792
5792
5792
5794
5795
5796
5797
5797
5798
5798
5798
5800
5801
5801
5803
5804
5804
5805
5806
5806
5807
5809
5810
5812
5813
5814
5815
5816
5816
5818
5819
5821
5822
5822
5824
5825
5827
5828
5830
5831
5831
5832
5833
5833
5833
5834
5836
5837
5839
5840
5842
5843
5845
5846
5846
5848
5849
5851
5852
5852
5854
5854
5855
5857
5858
5860
5860
5860
5861
5863
5864
5864
5866
5867
5869
5870
5872
5873
5875
5876
5878
5878
5879
5881
5882
5884
5885
5887
5887
5887
5888
5890
5891
5893
5894
5894
5896
5897
5899
5899
5900
5901
5901
5902
5903
5903
5904
5905
5906
5906
5908
5909
5909
5910
5911
5912
5912
5914
5914
5915
5917
5918
5920
5921
5922
5923
5924
5926
5927
5928
5929
5930
5930
5932
5932
5933
5935
5936
5936
5937
5938
5939
5939
5941
5942
5944
5945
5947
5948
5950
5950
5950
5950
5951
5953
5954
5954
5955
5955
5956
5957
5959
5960
5962
5963
5963
5965
5966
5966
5968
5969
5971
5971
5972
5974
5975
5975
5977
5978
5980
5981
5983
5984
5984
5986
5987
5988
5988
5989
5990
5992
5993
5995
5995
5995
5996
5997
5998
5999
5999
6001
6001
6002
6003
6004
6005
6006
6007
6007
6008
6008
6010
6011
6011
6013
6014
6016
6017
6017
6019
6019
6020
6022
6023
6025
6026
6026
6028
6028
6029
6029
6030
6031
6032
6034
6035
6037
6037
6038
6039
6040
6041
6043
6044
6045
6046
6047
6049
6050
6050
6052
6053
6054
6055
6055
6056
6058
6059
6059
6061
6062
6062
6064
6064
6065
6066
6067
6067
6068
6068
6069
6070
6071
6071
6071
6073
6074
6076
6077
6079
6079
6079
6080
6082
6083
6083
6085
6086
6088
6089
6091
6092
6094
6094
6095
6095
6097
6098
6100
6100
6101
6103
6104
6105
6106
6106
6107
6109
6109
6110
6112
6113
6113
6114
6115
6116
6118
6118
6118
6119
6119
6121
6122
6122
6122
6124
6125
6126
6127
6128
6130
6130
6131
6133
6134
6136
6136
6137
6139
6140
6142
6143
6144
6144
6145
6146
6148
6148
6149
6151
6152
6154
6155
6156
6157
6158
6160
6161
6161
6163
6164
6166
6166
6167
6169
6170
6172
6173
6175
6176
6178
6179
6181
6182
6184
6185
6187
6188
6188
6190
6191
6193
6194
6196
6197
6199
6199
6200
6202
6203
6204
6205
6206
6208
6208
6209
6211
6211
6212
6212
6213
6214
6214
6214
6215
6217
6218
6220
6220
6221
6223
6224
6225
6226
6227
6229
6230
6232
6233
6234
6234
6235
6236
6237
6238
6239
6239
6241
6242
6244
6245
6247
6248
6250
6250
6251
6251
6252
6253
6254
6254
6255
6256
6256
6257
6259
6260
6262
6262
6263
6265
6266
6266
6268
6268
6269
6269
6271
6272
6274
6275
6277
6278
6279
6280
6281
6283
6284
6284
6286
6287
6289
6290
6292
6292
6292
6293
6293
6295
6296
6298
6299
6301
6302
6302
6304
6305
6305
6307
6308
6308
6310
6311
6313
6314
6316
6316
6317
6317
6319
6319
6320
6322
6323
6324
6325
6326
6327
6328
6329
6329
6331
6332
6333
6334
6335
6336
6337
6337
6337
6338
6338
6340
6341
6341
6341
6343
6343
6344
6346
6346
6347
6348
6349
6349
6350
6352
6352
6353
6355
6356
6358
6358
6359
6361
6362
6364
6365
6365
6366
6367
6367
6368
6370
6371
6373
6373
6374
6374
6375
6376
6377
6377
6379
6379
6380
6382
6383
6383
6385
6385
6385
6385
6386
6388
6388
6389
6390
6391
6392
6392
6394
6394
6395
6396
6397
6398
6400
6400
6401
6403
6404
6404
6406
6406
6406
6407
6407
6409
6409
6410
6412
6412
6413
6415
6416
6418
6419
6421
6422
6423
6424
6425
6427
6427
6427
6428
6430
6430
6431
6433
6433
6434
6436
6437
6438
6439
6440
6442
6443
6445
6446
6447
6448
6449
6450
6451
6452
6454
6455
6457
6458
6458
6458
6460
6460
6461
6463
6463
6464
6466
6467
6469
6470
6472
6473
6475
6476
6478
6479
6481
6482
6482
6482
6483
6484
6484
6485
6486
6487
6488
6489
6489
6490
6491
6492
6493
6494
6494
6494
6496
6496
6497
6499
6500
6502
6503
6504
6505
6506
6507
6508
6509
6511
6511
6512
6512
6514
6515
6515
6516
6517
6518
6520
6520
6521
6521
6522
6523
6523
6524
6526
6527
6529
6530
6530
6532
6533
6534
6535
6535
6536
6538
6539
6541
6542
6544
6545
6547
6547
6548
6550
6551
6553
6553
6554
6556
6557
6558
6559
6559
6559
6560
6561
6562
6563
6565
6566
6567
6567
6567
6568
6568
6569
6570
6571
6572
6574
6575
6576
6577
6578
6580
6581
6583
6584
6586
6587
6589
6589
6590
6590
6592
6593
6593
6595
6595
6595
6596
6598
6599
6601
6602
6602
6604
6605
6606
6607
6607
6608
6609
6610
6610
6611
6613
6614
6615
6616
6617
6617
6619
6620
6622
6623
6625
6626
6627
6628
6629
6631
6632
6632
6634
6635
6636
6637
6637
6637
6638
6640
6641
6641
6642
6643
6643
6644
6644
6646
6647
6648
6649
6650
6650
6651
6652
6653
6653
6655
6656
6658
6659
6661
6662
6663
6663
6664
6665
6667
6668
6669
6670
6671
6673
6673
6674
6674
6676
6676
6677
6678
6679
6679
6680
6680
6682
6683
6685
6686
6688
6689
6690
6690
6691
6692
6694
6694
6695
6697
6697
6698
6699
6700
6701
6702
6703
6704
6706
6706
6707
6709
6709
6710
6712
6712
6713
6715
6716
6718
6718
6718
6719
6721
6722
6724
6725
6727
6728
6730
6731
6733
6734
6736
6736
6737
6738
6739
6739
6740
6742
6743
6745
6746
6746
6748
6749
6751
6752
6752
6754
6755
6755
6757
6758
6760
6761
6762
6763
6763
6764
6765
6766
6767
6768
6769
6770
6770
6772
6773
6775
6776
6777
6778
6779
6780
6781
6782
6784
6785
6786
6787
6788
6790
6791
6791
6793
6794
6796
6797
6798
6799
6800
6801
6802
6803
6805
6806
6807
6808
6809
6811
6812
6814
6815
6817
6818
6820
6820
6821
6822
6823
6824
6825
6826
6826
6827
6829
6830
6832
6833
6835
6836
6838
6838
6839
6839
6841
6842
6842
6844
6845
6845
6847
6848
6848
6848
6850
6851
6851
6853
6854
6855
6856
6857
6859
6860
6862
6863
6865
6866
6868
6869
6870
6871
6872
6872
6874
6875
6876
6876
6877
6877
6878
6879
6879
6880
6881
6882
6883
6884
6886
6887
6889
6890
6892
6892
6893
6894
6894
6895
6896
6898
6899
6901
6902
6903
6904
6905
6907
6908
6908
6908
6910
6911
6911
6913
6914
6916
6917
6919
6920
6922
6923
6923
6925
6925
6926
6928
6929
6930
6930
6931
6932
6934
6934
6935
6937
6938
6939
6940
6941
6941
6942
6943
6943
6944
6946
6947
6948
6949
6949
6949
6950
6952
6953
6955
6956
6958
6959
6961
6962
6963
6964
6965
6966
6967
6968
6969
6970
6971
6971
6973
6974
6976
6977
6978
6978
6979
6980
6980
6980
6982
6983
6983
6983
6985
6985
6986
6988
6989
6991
6991
6992
6994
6995
6997
6998
7000
7001
7001
7002
7003
7004
7006
7007
7009
7010
7010
7011
7012
7013
7015
7016
7017
7018
7019
7021
7021
7022
7022
7024
7025
7027
7028
7030
7031
7031
7031
7032
7033
7034
7034
7034
7035
7035
7036
7037
7039
7040
7040
7042
7043
7045
7046
7047
7047
7048
7049
7049
7049
7050
7051
7052
7052
7053
7053
7054
7055
7055
7056
7057
7057
7058
7060
7060
7061
7063
7064
7064
7065
7066
7067
7069
7070
7071
7071
7072
7073
7075
7076
7076
7078
7079
7080
7081
7082
7084
7085
7087
7088
7089
7090
7091
7093
7094
7096
7096
7097
7099
7100
7101
7102
7103
7104
7105
7105
7106
7108
7109
7109
7109
7111
7112
7113
7114
7115
7117
7118
7119
7120
7121
7121
7123
7123
7124
7126
7127
7128
7129
7130
7130
7132
7132
7133
7135
7135
7136
7138
7139
7141
7142
7143
7144
7145
7147
7147
7148
7148
7150
7151
7152
7153
7154
7154
7156
7157
7159
7160
7160
7160
7160
7161
7161
7162
7163
7165
7165
7166
7167
7167
7168
7168
7169
7169
7169
7171
7171
7172
7174
7174
7175
7177
7178
7178
7178
7179
7180
7181
7183
7184
7186
7187
7188
7188
7189
7189
7190
7190
7190
7192
7192
7193
7194
7195
7196
7198
7199
7199
7200
7201
7202
7203
7204
7204
7205
7207
7208
7209
7210
7210
7210
7211
7213
7214
7216
7217
7219
7220
7222
7223
7225
7226
7226
7226
7227
7228
7228
7228
7229
7231
7232
7232
7234
7234
7234
7235
7237
7238
7240
7241
7242
7242
7243
7244
7246
7247
7248
7249
7250
7252
7253
7253
7255
7256
7258
7259
7259
7261
7262
7262
7264
7265
7267
7268
7268
7270
7271
7273
7273
7273
7273
7274
7276
7277
7277
7279
7280
7282
7282
7283
7285
7286
7287
7288
7288
7289
7291
7292
7292
7293
7294
7294
7295
7297
7298
7300
7301
7302
7303
7304
7304
7306
7307
7309
7310
7310
7310
7312
7313
7315
7316
7317
7318
7319
7321
7322
7324
7325
7326
7326
7327
7328
7330
7330
7331
7331
7333
7334
7334
7336
7337
7339
7339
7340
7342
7343
7343
7345
7346
7347
7348
7349
7351
7352
7352
7354
7355
7357
7358
7359
7359
7360
7361
7363
7363
7364
7365
7366
7366
7367
7368
7368
7369
7370
7372
7373
7375
7376
7376
7378
7379
7380
7381
7381
7382
7384
7385
7386
7387
7387
7388
7389
7390
7390
7391
7393
7393
7394
7394
7394
7395
7396
7396
7397
7397
7397
7399
7400
7400
7401
7401
7402
7403
7404
7405
7406
7406
7408
7409
7411
7412
7412
7412
7414
7415
7416
7417
7417
7418
7420
7420
7421
7423
7424
7425
7425
7426
7427
7427
7429
7430
7432
7433
7435
7436
7438
7439
7439
7441
7442
7442
7444
7445
7447
7448
7450
7451
7451
7453
7454
7456
7456
7457
7458
7459
7460
7460
7462
7463
7463
7465
7465
7465
7465
7466
7468
7468
7469
7471
7471
7472
7472
7474
7475
7477
7477
7478
7480
7481
7483
7484
7485
7485
7486
7487
7489
7490
7492
7493
7495
7496
7496
7498
7498
7499
7500
7501
7502
7504
7505
7507
7507
7508
7508
7510
7510
7511
7511
7513
7514
7516
7517
7519
7520
7522
7523
7524
7525
7526
7528
7529
7531
7532
7532
7534
7535
7537
7537
7538
7540
7541
7543
7544
7545
7546
7547
7547
7548
7549
7550
7550
7552
7552
7553
7553
7555
7556
7557
7558
7559
7559
7561
7562
7564
7564
7565
7567
7568
7570
7571
7573
7574
7576
7577
7579
7580
7582
7583
7585
7585
7586
7586
7586
7588
7589
7591
7591
7592
7594
7595
7597
7597
7598
7600
7601
7603
7604
7605
7606
7607
7609
7610
7612
7613
7613
7613
7615
7616
7618
7619
7619
7620
7621
7622
7623
7624
7625
7627
7628
7629
7630
7631
7632
7632
7633
7634
7636
7637
7637
7638
7638
7639
7639
7640
7642
7643
7645
7646
7647
7647
7648
7649
7649
7650
7651
7652
7652
7654
7654
7655
7657
7658
7659
7660
7661
7661
7662
7663
7664
7666
7666
7667
7669
7669
7670
7671
7672
7673
7674
7675
7675
7676
7678
7679
7681
7682
7683
7684
7685
7687
7688
7688
7689
7690
7691
7693
7694
7696
7697
7699
7700
7700
7700
7701
7702
7702
7703
7705
7705
7706
7706
7708
7709
7711
7712
7713
7713
7714
7715
7717
7718
7720
7721
7721
7723
7723
7724
7724
7726
7726
7727
7727
7729
7730
7730
7732
7733
7734
7735
7736
7738
7739
7741
7742
7742
7744
7745
7747
7748
7748
7750
7751
7752
7753
7753
7754
7756
7756
7756
7756
7757
7759
7760
7761
7762
7763
7764
7765
7766
7767
7768
7769
7769
7771
7772
7774
7775
7777
7778
7778
7780
7781
7781
7783
7784
7786
7787
7787
7788
7789
7789
7790
7790
7792
7793
7795
7796
7798
7799
7799
7800
7801
7802
7802
7804
7805
7806
7806
7807
7808
7810
7811
7811
7813
7814
7816
7816
7817
7819
7820
7820
7822
7823
7825
7825
7825
7826
7828
7828
7829
7831
7832
7832
7834
7835
7837
7838
7840
7841
7843
7844
7846
7847
7847
7847
7849
7850
7850
7852
7852
7853
7855
7856
7858
7859
7860
7861
7862
7864
7864
7865
7867
7868
7870
7870
7871
7871
7873
7874
7874
7876
7877
7877
7878
7879
7880
7882
7883
7885
7886
7887
7888
7889
7891
7892
7894
7895
7896
7897
7898
7900
7901
7901
7903
7904
7906
7907
7908
7909
7910
7912
7913
7915
7915
7916
7918
7918
7919
7921
7922
7923
7924
7925
7925
7927
7927
7928
7929
7930
7931
7932
7933
7934
7934
7936
7936
7937
7939
7939
7940
7942
7943
7945
7945
7946
7946
7948
7949
7951
7952
7952
7954
7954
7954
7955
7957
7958
7958
7960
7961
7961
7962
7963
7964
7966
7967
7968
7969
7970
7970
7972
7973
7975
7976
7976
7976
7978
7979
7981
7982
7983
7984
7984
7984
7984
7985
7987
7988
7989
7990
7991
7992
7993
7993
7994
7996
7996
7997
7999
8000
8001
8002
8002
8003
8005
8005
8006
8008
8009
8011
8012
8014
8015
8015
8016
8017
8018
8019
8020
8021
8023
8023
8024
8024
8026
8026
8027
8029
8030
8032
8033
8033
8035
8036
8038
8038
8039
8041
8041
8042
8044
8045
8045
8045
8047
8048
8050
8050
8051
8052
8052
8053
8053
8054
8056
8057
8059
8059
8060
8062
8063
8065
8066
8068
8068
8069
8071
8072
8074
8074
8075
8077
8078
8078
8080
8081
8082
8083
8084
8084
8086
8087
8087
8087
8089
8090
8090
8092
8093
8095
8096
8098
8099
8099
8100
8101
8102
8104
8104
8105
8106
8107
8108
8109
8110
8110
8111
8112
8113
8113
8114
8114
8116
8117
8119
8120
8122
8122
8123
8125
8126
8128
8128
8129
8131
8132
8134
8135
8137
8138
8138
8140
8140
8141
8142
8143
8144
8144
8144
8146
8147
8147
8149
8150
8150
8152
8153
8155
8156
8158
8159
8160
8161
8162
8164
8164
8165
8167
8168
8170
8171
8173
8174
8174
8176
8177
8178
8179
8179
8180
8181
8182
8182
8183
8183
8183
8185
8186
8188
8189
8191
8192
8194
8195
8197
8198
8200
8201
8203
8204
8206
8206
8207
8209
8209
8209
8210
8212
8213
8214
8215
8216
8216
8216
8217
8218
8218
8219
8221
8221
8222
8222
8223
8223
8224
8224
8225
8226
8227
8227
8227
8227
8228
8230
8231
8233
8234
8236
8237
8239
8240
8241
8242
8243
8243
8245
8246
8247
8248
8249
8251
8252
8253
8254
8254
8255
8257
8257
8258
8260
8260
8261
8263
8263
8264
8266
8267
8269
8270
8272
8273
8273
8275
8276
8278
8278
8279
8281
8282
8284
8285
8287
8287
8288
8290
8291
8291
8293
8294
8294
8296
8297
8298
8299
8299
8300
8301
8302
8303
8305
8306
8307
8308
8309
8311
8312
8313
8313
8314
8315
8315
8317
8318
8319
8320
8321
8321
8323
8324
8325
8326
8327
8328
8329
8330
8332
8333
8335
8336
8338
8339
8341
8342
8342
8344
8345
8347
8348
8348
8349
8350
8351
8352
8353
8354
8356
8357
8359
8360
8362
8363
8365
8366
8367
8368
8369
8369
8371
8372
8374
8375
8377
8378
8380
8381
8383
8384
8386
8387
8387
8389
8389
8390
8392
8392
8392
8393
8395
8396
8398
8399
8399
8400
8401
8401
8402
8403
8404
8405
8406
8407
8408
8410
8411
8413
8414
8414
8416
8417
8419
8420
8422
8422
8423
8424
8425
8426
8426
8428
8429
8429
8431
8432
8432
8434
8435
8437
8438
8439
8439
8439
8440
8441
8443
8443
8444
8446
8446
8446
8446
8447
8449
8449
8450
8452
8453
8455
8456
8458
8459
8459
8460
8461
8462
8462
8464
8464
8465
8466
8467
8467
8468
8470
8471
8473
8473
8474
8475
8476
8477
8479
8480
8480
8482
8483
8483
8484
8484
8485
8486
8488
8489
8491
8492
8494
8494
8495
8497
8498
8500
8501
8501
8503
8504
8505
8506
8507
8509
8510
8512
8513
8513
8515
8516
8518
8519
8519
8521
8521
8522
8524
8525
8527
8528
8529
8530
8531
8533
8533
8534
8534
8534
8536
8537
8538
8538
8539
8540
8542
8542
8543
8543
8544
8545
8546
8548
8549
8551
8551
8552
8553
8554
8555
8557
8558
8558
8560
8560
8561
8563
8564
8566
8566
8567
8567
8569
8570
8570
8572
8573
8574
8575
8576
8577
8578
8579
8581
8581
8582
8582
8584
8584
8585
8585
8586
8587
8588
8590
8591
8592
8593
8593
8594
8595
8596
8597
8598
8599
8600
8601
8602
8602
8603
8603
8605
8605
8606
8608
8609
8609
8610
8611
8612
8613
8614
8615
8615
8616
8617
8618
8620
8621
8622
8623
8624
8626
8627
8629
8630
8631
8632
8633
8633
8635
8636
8637
8638
8639
8639
8641
8641
8642
8642
8644
8644
8645
8647
8647
8648
8650
8650
8650
8651
8651
8653
8653
8654
8656
8657
8659
8659
8660
8662
8662
8663
8664
8665
8666
8668
8668
8668
8669
8671
8672
8673
8674
8675
8677
8678
8680
8681
8682
8683
8684
8686
8686
8687
8687
8689
8690
8692
8692
8693
8695
8696
8698
8699
8701
8702
8703
8703
8704
8705
8707
8707
8708
8708
8710
8711
8713
8714
8716
8717
8717
8719
8719
8720
8722
8723
8723
8725
8726
8728
8729
8731
8732
8734
8735
8737
8737
8738
8740
8741
8742
8743
8743
8744
8746
8747
8749
8749
8750
8751
8751
8752
8753
8755
8756
8758
8758
8759
8761
8762
8762
8763
8763
8764
8765
8767
8768
8770
8771
8773
8773
8774
8774
8776
8777
8777
8779
8780
8782
8783
8784
8785
8786
8788
8788
8789
8790
8791
8792
8794
8795
8796
8797
8797
8798
8799
8800
8800
8801
8803
8804
8806
8807
8809
8809
8810
8812
8813
8813
8815
8816
8818
8819
8820
8821
8822
8822
8823
8823
8824
8825
8827
8828
8830
8831
8832
8832
8833
8833
8834
8836
8837
8838
8839
8840
8842
8843
8843
8844
8845
8845
8845
8846
8846
8847
8848
8849
8849
8849
8851
8851
8852
8854
8855
8857
8858
8860
8861
8861
8863
8864
8864
8866
8867
8868
8869
8869
8870
8871
8872
8872
8873
8875
8875
8876
8878
8879
8879
8879
8881
8882
8883
8884
8884
8884
8885
8887
8888
8890
8891
8891
8893
8894
8895
8896
8897
8898
8899
8900
8901
8902
8902
8903
8905
8906
8906
8908
8909
8911
8912
8912
8914
8914
8915
8917
8918
8920
8921
8923
8924
8926
8927
8928
8929
8930
8932
8933
8934
8935
8936
8936
8936
8937
8937
8938
8939
8939
8941
8942
8944
8945
8947
8948
8950
8951
8953
8953
8954
8955
8956
8956
8957
8958
8959
8960
8962
8963
8963
8963
8965
8966
8968
8969
8971
8972
8973
8974
8975
8977
8978
8980
8981
8983
8983
8984
8986
8986
8987
8989
8990
8990
8991
8992
8993
8995
8996
8997
8997
8998
8999
8999
9000
9001
9002
9004
9005
9005
9005
9007
9008
9008
9008
9010
9010
9011
9012
9013
9014
9014
9016
9017
9019
9020
9020
9022
9022
9022
9023
9025
9025
9026
9026
9028
9029
9030
9031
9032
9034
9035
9036
9037
9038
9040
9041
9043
9043
9044
9046
9047
9049
9050
9051
9051
9052
9053
9055
9056
9058
9058
9059
9059
9060
9061
9062
9064
9064
9065
9067
9067
9068
9069
9070
9070
9071
9071
9072
9073
9074
9076
9076
9077
9079
9080
9082
9083
9085
9086
9088
9088
9089
9091
9091
9092
9092
9094
9094
9095
9097
9097
9098
9100
9100
9101
9103
9104
9105
9106
9107
9109
9109
9110
9110
9112
9113
9113
9114
9115
9116
9118
9119
9119
9121
9121
9121
9122
9122
9122
9124
9125
9126
9127
9128
9128
9130
9131
9132
9133
9134
9136
9137
9139
9139
9140
9142
9143
9145
9145
9146
9146
9148
9149
9149
9151
9151
9152
9154
9155
9157
9158
9160
9161
9163
9164
9166
9167
9169
9170
9170
9172
9173
9175
9176
9177
9178
9179
9180
9181
9182
9183
9184
9185
9187
9188
9190
9190
9191
9193
9194
9195
9195
9196
9196
9197
9198
9198
9199
9199
9199
9200
9200
9201
9201
9202
9203
9203
9205
9206
9206
9208
9209
9211
9212
9214
9215
9216
9217
9218
9220
9221
9222
9223
9224
9225
9226
9227
9229
9230
9231
9232
9233
9235
9236
9237
9238
9239
9239
9241
9242
9243
9244
9245
9245
9246
9246
9247
9248
9248
9250
9251
9251
9252
9253
9254
9255
9256
9256
9257
9257
9257
9257
9259
9260
9262
9263
9263
9264
9265
9266
9268
9269
9270
9271
9272
9274
9275
9277
9277
9278
9278
9279
9279
9280
9281
9281
9281
9282
9283
9284
9284
9286
9287
9288
9288
9289
9289
9290
9291
9292
9292
9293
9295
9295
9295
9296
9298
9298
9299
9301
9302
9302
9302
9304
9305
9305
9307
9307
9308
9308
9310
9311
9312
9313
9314
9315
9316
9317
9318
9319
9319
9320
9321
9322
9323
9323
9323
9325
9326
9328
9329
9331
9331
9332
9334
9334
9335
9336
9337
9337
9338
9338
9340
9341
9343
9343
9344
9346
9346
9347
9349
9350
9352
9353
9354
9355
9356
9358
9359
9359
9361
9361
9362
9363
9364
9365
9367
9368
9368
9368
9370
9370
9371
9372
9373
9373
9374
9376
9377
9378
9379
9379
9380
9382
9383
9383
9385
9385
9386
9387
9388
9389
9389
9391
9392
9394
9395
9397
9398
9398
9400
9401
9403
9404
9405
9405
9406
9407
9408
9409
9409
9410
9411
9412
9413
9413
9414
9415
9416
9416
9418
9418
9418
9419
9421
9422
9422
9422
9423
9424
9425
9426
9427
9428
9428
9430
9430
9430
9431
9433
9434
9436
9436
9437
9439
9440
9440
9441
9442
9443
9445
9446
9448
9449
9450
9451
9452
9452
9454
9454
9454
9455
9455
9457
9458
9460
9461
9463
9464
9466
9466
9467
9469
9470
9472
9473
9475
9476
9476
9478
9479
9481
9482
9484
9485
9487
9487
9488
9490
9491
9493
9494
9496
9497
9499
9500
9500
9501
9502
9502
9503
9503
9505
9506
9506
9508
9508
9509
9511
9512
9514
9514
9514
9515
9515
9517
9518
9520
9521
9523
9524
9525
9526
9527
9529
9530
9530
9530
9532
9533
9533
9535
9536
9536
9538
9539
9541
9542
9542
9544
9545
9547
9548
9548
9550
9551
9552
9553
9554
9554
9555
9556
9556
9557
9559
9560
9560
9560
9562
9563
9564
9565
9566
9568
9569
9570
9570
9570
9571
9572
9573
9574
9575
9576
9577
9577
9578
9578
9580
9581
9581
9582
9583
9584
9586
9587
9589
9590
9592
9593
9593
9595
9595
9595
9596
9598
9599
9600
9600
9601
9601
9602
9604
9605
9607
9608
9609
9610
9611
9613
9614
9614
9616
9617
9619
9620
9620
9622
9623
9625
9626
9626
9627
9627
9627
9628
9629
9629
9630
9631
9632
9634
9635
9637
9637
9638
9640
9641
9641
9642
9642
9643
9644
9644
9645
9646
9647
9648
9649
9650
9652
9653
9655
9656
9656
9658
9658
9659
9661
9662
9662
9664
9665
9666
9667
9668
9670
9670
9671
9673
9674
9676
9677
9679
9679
9680
9682
9682
9683
9685
9686
9686
9687
9688
9689
9689
9691
9692
9692
9693
9694
9695
9695
9695
9696
9697
9697
9698
9699
9699
9700
9701
9702
9703
9704
9705
9706
9707
9708
9709
9709
9710
9712
9713
9715
9716
9718
9719
9719
9720
9721
9722
9722
9724
9725
9727
9728
9728
9730
9731
9732
9732
9733
9734
9736
9737
9739
9740
9742
9743
9744
9745
9745
9746
9748
9749
9751
9752
9754
9755
9757
9758
9760
9760
9761
9761
9763
9764
9766
9766
9767
9768
9768
9768
9769
9770
9770
9771
9771
9772
9773
9775
9776
9778
9778
9779
9781
9781
9781
9782
9784
9785
9787
9787
9788
9789
9790
9791
9793
9793
9794
9796
9797
9798
9799
9800
9802
9803
9805
9806
9806
9807
9808
9809
9809
9810
9811
9812
9814
9814
9815
9817
9818
9818
9818
9820
9821
9823
9823
9823
9824
9826
9827
9829
9830
9832
9833
9834
9835
9836
9837
9838
9839
9840
9841
9842
9844
9844
9845
9847
9848
9850
9850
9851
9853
9854
9856
9857
9859
9859
9860
9862
9862
9862
9862
9863
9863
9865
9866
9868
9869
9870
9871
9872
9873
9874
9875
9877
9877
9878
9880
9881
9883
9883
9884
9886
9887
9887
9889
9890
9892
9893
9894
9895
9895
9896
9896
9898
9899
9901
9901
9902
9904
9905
9907
9908
9909
9910
9911
9911
9912
9913
9914
9916
9917
9918
9919
9920
9920
9920
9921
9922
9922
9923
9925
9926
9926
9928
9929
9931
9932
9934
9935
9937
9938
9939
9940
9940
9941
9941
9941
9942
9943
9944
9944
9946
9947
9947
9949
9949
9949
9950
9951
9951
9952
9952
9953
9955
9956
9956
9958
9959
9961
9961
9962
9963
9964
9965
9965
9967
9968
9970
9971
9973
9973
9974
9974
9976
9976
9976
9976
9977
9978
9979
9980
9981
9982
9983
9985
9986
9988
9989
9989
9991
9991
9991
9992
9994
9995
9995
9997
9997
9998
9999