2
3
3
4
5
5
6
6
9
10
10
10
10
11
12
14
15
16
16
16
17
17
18
18
18
21
21
21
22
22
22
23
23
24
24
25
26
27
27
27
28
28
28
29
30
30
30
32
34
34
37
38
39
39
40
41
41
42
42
43
43
44
47
47
49
50
51
51
51
51
53
54
54
55
56
56
56
57
59
60
60
61
61
62
62
62
62
63
63
63
64
64
64
64
67
67
67
68
69
69
71
71
72
75
78
79
79
80
80
80
81
81
81
82
83
85
85
86
87
88
89
89
90
91
92
94
95
95
96
96
97
97
99
101
101
101
104
104
105
106
107
107
109
109
113
113
114
116
118
121
121
122
124
125
125
125
128
130
130
130
132
133
134
135
136
136
136
136
136
137
137
139
139
140
140
141
141
142
143
144
146
149
150
151
151
151
154
154
154
154
155
156
156
156
158
158
159
159
160
161
161
162
162
162
163
163
163
164
164
164
165
166
168
169
169
170
171
174
174
175
176
177
177
178
179
182
182
183
183
184
185
185
185
187
188
190
190
190
191
192
192
192
192
193
193
194
194
195
195
195
195
195
197
197
197
201
203
203
203
204
204
205
205
206
207
208
209
209
210
211
211
213
214
216
216
219
219
220
220
220
221
222
222
224
226
229
230
231
231
231
232
234
234
234
235
236
238
239
239
240
240
240
243
243
243
245
245
248
250
250
251
251
252
252
253
255
255
256
256
257
260
260
261
263
264
264
265
265
265
266
266
267
268
268
270
272
272
273
273
274
275
276
276
278
280
282
283
283
283
283
284
285
285
287
288
288
289
292
293
293
294
295
296
297
298
298
298
299
300
300
302
302
303
304
304
304
305
306
307
308
308
308
311
311
311
311
312
314
314
314
315
316
316
316
317
318
319
319
321
323
323
324
325
326
326
326
327
327
328
329
331
333
334
335
335
336
337
337
338
339
339
340
340
341
341
344
346
346
347
349
349
350
355
356
356
356
358
358
360
360
360
361
362
362
363
363
363
367
368
369
370
370
370
371
373
373
374
374
376
377
377
377
378
378
379
380
381
381
382
383
384
385
385
390
390
391
391
391
392
392
392
395
395
398
399
399
400
401
402
404
404
405
406
407
407
407
408
408
409
411
411
411
411
413
413
416
416
417
417
419
419
419
421
423
424
426
426
427
427
428
428
429
429
431
431
433
435
435
437
437
437
437
438
439
439
440
440
440
440
441
442
442
443
443
444
445
446
446
447
449
451
451
451
451
454
454
455
455
455
455
456
456
457
458
458
458
459
460
460
460
463
463
464
464
466
467
468
468
468
469
470
470
472
472
473
473
476
476
476
478
480
481
481
481
482
482
482
483
483
483
484
485
486
486
487
487
487
488
488
489
489
490
490
490
491
491
492
492
492
492
493
494
494
495
496
496
496
497
497
498
498
500
502
503
503
505
506
507
507
508
510
510
512
513
515
517
518
519
519
520
522
522
523
523
523
524
524
524
524
525
526
526
526
527
528
529
530
530
531
531
531
532
532
535
535
535
535
536
538
538
540
540
540
540
540
541
542
546
547
547
548
548
548
548
549
549
550
551
551
552
552
552
553
553
553
555
556
558
559
559
559
559
560
560
560
561
561
561
563
564
564
564
564
564
564
565
566
567
569
570
571
572
573
574
575
576
578
578
580
581
581
582
582
582
584
585
585
586
588
589
589
590
591
592
593
593
594
594
594
596
596
596
596
597
597
597
598
599
600
601
601
602
602
603
603
604
606
607
607
608
608
609
610
611
611
611
612
612
613
615
615
616
616
618
619
620
620
621
622
622
622
623
623
624
624
627
628
628
629
630
632
632
634
635
636
636
637
637
638
639
639
640
640
640
641
641
642
642
643
644
645
647
648
648
649
650
651
652
653
653
653
655
657
657
657
658
658
659
664
667
668
668
668
670
670
671
671
672
672
672
673
675
676
681
682
682
682
684
684
684
684
686
686
686
687
688
688
690
690
691
691
691
691
692
693
694
695
695
696
697
698
698
698
701
703
704
704
704
705
706
706
709
710
712
712
713
714
715
716
716
716
717
719
719
719
720
721
721
722
723
724
724
727
729
729
729
730
732
733
734
734
734
739
739
740
740
740
740
741
741
741
742
743
743
744
744
745
745
745
748
750
751
753
753
753
755
755
756
756
756
756
756
758
759
759
759
763
764
764
765
765
766
766
767
767
768
769
769
770
772
772
772
773
775
776
776
776
777
777
778
779
779
780
781
781
781
782
782
782
782
783
785
786
786
787
787
788
788
789
789
791
791
791
792
793
793
793
794
795
795
795
795
797
799
800
800
800
801
801
803
803
803
805
805
806
806
806
807
807
808
809
812
812
812
813
814
814
815
817
817
817
818
819
819
820
820
821
821
822
822
823
823
823
824
825
826
826
827
828
828
828
829
833
834
834
836
837
838
839
839
839
840
842
843
843
844
844
844
846
846
846
847
848
849
849
849
850
853
853
853
854
854
854
854
856
858
859
859
860
860
861
861
862
863
863
863
863
864
865
867
868
868
869
870
873
873
873
873
873
874
874
875
876
877
877
878
878
878
880
881
882
882
882
883
883
884
886
887
887
888
889
889
890
890
891
892
892
893
894
894
894
895
897
899
899
900
900
901
902
902
903
906
907
908
908
909
910
911
913
914
914
918
920
920
921
921
922
922
923
923
926
926
926
927
928
928
930
931
931
931
931
931
932
932
933
936
936
936
938
940
940
941
941
942
943
944
945
947
949
949
950
950
952
953
954
954
955
956
956
956
957
958
958
959
959
960
961
963
963
963
965
968
969
970
970
971
972
972
973
973
973
973
974
976
977
977
977
979
981
981
982
982
983
984
984
985
985
985
987
988
988
989
989
990
991
991
992
992
994
996
997
997
998
999
999
999
1000
1000
1001
1001
1004
1005
1006
1007
1007
1009
1010
1010
1011
1012
1012
1012
1015
1015
1015
1015
1017
1017
1017
1018
1018
1019
1020
1020
1022
1022
1023
1023
1023
1023
1024
1025
1025
1026
1029
1031
1031
1032
1032
1034
1036
1037
1039
1040
1041
1042
1042
1043
1043
1044
1044
1045
1045
1046
1047
1047
1052
1053
1053
1054
1055
1055
1056
1056
1056
1057
1058
1058
1059
1059
1059
1060
1062
1065
1066
1066
1068
1068
1068
1070
1073
1073
1074
1076
1076
1078
1078
1078
1078
1080
1080
1081
1081
1083
1083
1084
1086
1090
1091
1091
1091
1093
1094
1095
1098
1099
1100
1100
1102
1102
1104
1104
1105
1106
1108
1108
1109
1112
1112
1113
1113
1114
1115
1117
1117
1117
1118
1118
1120
1120
1121
1121
1121
1121
1122
1122
1123
1124
1124
1124
1126
1127
1127
1128
1129
1130
1130
1130
1131
1132
1133
1133
1135
1135
1136
1137
1138
1139
1140
1140
1141
1142
1142
1143
1146
1147
1147
1147
1148
1148
1150
1151
1154
1155
1156
1157
1157
1159
1160
1161
1161
1162
1163
1163
1164
1164
1164
1165
1166
1166
1166
1167
1167
1167
1168
1169
1169
1171
1172
1173
1174
1174
1175
1175
1176
1178
1179
1179
1180
1181
1181
1181
1183
1183
1184
1185
1185
1186
1186
1186
1187
1190
1191
1192
1192
1192
1192
1192
1193
1194
1194
1196
1196
1196
1197
1199
1199
1203
1205
1207
1209
1210
1212
1213
1213
1213
1213
1214
1216
1218
1219
1220
1220
1221
1221
1222
1224
1224
1225
1225
1225
1226
1226
1228
1229
1230
1231
1231
1233
1234
1235
1235
1236
1238
1239
1240
1241
1243
1243
1244
1245
1245
1246
1246
1246
1247
1248
1248
1249
1250
1251
1253
1255
1256
1256
1256
1257
1258
1259
1260
1260
1260
1261
1264
1265
1265
1265
1266
1266
1267
1267
1268
1268
1269
1270
1272
1273
1274
1275
1276
1276
1277
1278
1283
1283
1283
1285
1285
1285
1286
1286
1288
1289
1292
1292
1294
1295
1296
1296
1296
1299
1300
1300
1300
1300
1302
1302
1303
1304
1306
1307
1308
1309
1310
1310
1311
1311
1311
1311
1311
1311
1312
1313
1314
1315
1316
1316
1316
1316
1316
1317
1317
1317
1318
1319
1320
1320
1320
1320
1320
1321
1321
1322
1324
1325
1326
1326
1326
1327
1327
1327
1329
1332
1333
1333
1333
1335
1337
1337
1338
1339
1339
1340
1341
1343
1344
1344
1344
1345
1346
1347
1347
1349
1350
1350
1351
1354
1354
1355
1355
1356
1356
1357
1357
1358
1358
1358
1359
1359
1359
1362
1363
1364
1365
1367
1367
1368
1369
1369
1370
1371
1373
1374
1374
1376
1376
1377
1379
1379
1379
1380
1380
1381
1381
1382
1383
1384
1384
1385
1390
1392
1392
1393
1395
1395
1395
1395
1397
1398
1398
1402
1404
1405
1405
1406
1407
1408
1408
1409
1409
1410
1410
1410
1411
1411
1411
1413
1413
1414
1414
1415
1416
1418
1419
1420
1420
1420
1420
1421
1422
1422
1427
1428
1429
1429
1431
1431
1433
1434
1434
1434
1434
1435
1438
1439
1440
1440
1441
1442
1442
1443
1443
1445
1446
1446
1447
1447
1450
1450
1451
1451
1452
1453
1453
1454
1454
1455
1455
1455
1456
1458
1459
1459
1460
1461
1461
1461
1463
1463
1464
1465
1466
1467
1468
1468
1468
1468
1468
1468
1471
1471
1471
1472
1473
1473
1474
1475
1476
1476
1476
1478
1478
1479
1479
1480
1481
1481
1483
1483
1486
1487
1488
1490
1491
1491
1491
1492
1492
1492
1492
1493
1493
1494
1494
1494
1494
1494
1497
1499
1499
1499
1500
1501
1503
1503
1504
1505
1508
1508
1508
1509
1511
1513
1515
1516
1518
1518
1518
1518
1520
1520
1520
1520
1521
1521
1521
1523
1524
1526
1527
1527
1528
1528
1528
1528
1529
1532
1533
1535
1537
1538
1538
1539
1539
1539
1539
1540
1542
1542
1543
1543
1543
1543
1543
1543
1544
1544
1546
1546
1546
1548
1549
1550
1551
1554
1555
1555
1556
1556
1556
1558
1559
1560
1561
1561
1562
1562
1563
1564
1564
1564
1565
1565
1565
1566
1566
1566
1567
1567
1569
1569
1570
1570
1571
1571
1571
1571
1571
1572
1572
1573
1573
1576
1577
1579
1579
1580
1581
1583
1583
1583
1584
1584
1585
1586
1587
1587
1590
1591
1592
1594
1595
1595
1598
1598
1598
1599
1599
1602
1603
1604
1604
1604
1605
1605
1606
1607
1607
1608
1608
1609
1609
1610
1610
1610
1611
1612
1612
1612
1616
1617
1617
1619
1619
1619
1619
1621
1622
1624
1626
1627
1627
1627
1627
1628
1628
1628
1628
1628
1629
1630
1632
1633
1633
1633
1633
1634
1634
1636
1636
1637
1637
1637
1638
1638
1639
1640
1640
1640
1640
1642
1643
1646
1646
1649
1650
1651
1651
1652
1654
1654
1654
1655
1655
1656
1657
1657
1657
1659
1660
1660
1661
1661
1663
1664
1664
1664
1665
1666
1666
1666
1666
1666
1667
1667
1669
1669
1670
1671
1671
1672
1672
1674
1674
1675
1676
1677
1677
1677
1677
1679
1679
1682
1682
1683
1684
1685
1686
1687
1689
1691
1692
1692
1693
1693
1694
1696
1696
1696
1697
1697
1699
1700
1701
1701
1702
1702
1703
1703
1703
1704
1704
1706
1706
1708
1709
1709
1709
1712
1712
1713
1714
1715
1715
1715
1715
1715
1716
1718
1719
1720
1721
1721
1723
1724
1724
1726
1726
1726
1727
1729
1730
1730
1730
1731
1731
1732
1734
1734
1734
1735
1737
1737
1737
1738
1738
1739
1739
1740
1741
1743
1745
1746
1747
1748
1748
1749
1749
1751
1753
1754
1754
1755
1756
1756
1756
1757
1759
1761
1762
1763
1765
1766
1766
1767
1768
1768
1768
1768
1771
1771
1771
1772
1776
1776
1779
1780
1780
1781
1783
1783
1785
1785
1786
1787
1788
1788
1788
1789
1790
1791
1792
1792
1792
1793
1794
1794
1794
1795
1795
1795
1796
1797
1798
1798
1800
1801
1801
1801
1801
1802
1802
1804
1804
1805
1806
1807
1807
1808
1809
1809
1809
1810
1811
1813
1814
1814
1817
1817
1818
1818
1820
1821
1822
1822
1824
1824
1825
1825
1825
1826
1826
1827
1828
1828
1830
1831
1832
1832
1832
1832
1833
1834
1835
1836
1836
1836
1837
1838
1839
1840
1840
1842
1842
1843
1844
1845
1846
1847
1848
1848
1849
1849
1849
1849
1849
1850
1851
1852
1852
1852
1853
1853
1853
1853
1853
1855
1856
1856
1858
1861
1862
1863
1863
1864
1864
1864
1865
1865
1865
1866
1866
1867
1867
1867
1867
1868
1870
1871
1871
1872
1873
1873
1874
1874
1874
1876
1876
1877
1877
1877
1877
1877
1878
1878
1879
1880
1881
1882
1882
1883
1883
1885
1886
1887
1888
1891
1891
1892
1893
1894
1894
1895
1896
1896
1896
1897
1898
1898
1899
1900
1900
1900
1901
1901
1902
1904
1905
1905
1907
1907
1908
1909
1909
1911
1911
1912
1912
1913
1913
1915
1915
1915
1915
1916
1916
1918
1918
1918
1919
1919
1919
1920
1920
1921
1921
1922
1922
1924
1924
1925
1925
1929
1931
1932
1932
1937
1938
1939
1940
1942
1946
1947
1947
1948
1949
1949
1951
1952
1954
1956
1956
1956
1956
1957
1958
1960
1960
1960
1961
1961
1961
1962
1964
1964
1965
1965
1965
1965
1966
1966
1967
1968
1968
1968
1969
1969
1970
1972
1973
1974
1976
1976
1976
1976
1976
1977
1978
1979
1980
1981
1981
1982
1982
1984
1986
1987
1988
1989
1989
1990
1991
1991
1993
1996
1996
1997
1998
1998
1998
1999
1999
2000
2000
2001
2001
2001
2001
2003
2003
2004
2004
2005
2005
2006
2011
2011
2011
2014
2015
2016
2016
2017
2019
2020
2020
2022
2023
2023
2023
2023
2024
2025
2025
2026
2028
2029
2029
2029
2029
2030
2032
2033
2041
2042
2043
2043
2044
2044
2045
2045
2051
2051
2052
2052
2052
2053
2053
2055
2055
2055
2056
2056
2058
2060
2061
2062
2062
2063
2065
2066
2067
2067
2067
2068
2069
2069
2069
2071
2072
2072
2072
2074
2075
2077
2077
2079
2079
2079
2079
2080
2081
2082
2082
2085
2086
2088
2089
2090
2090
2091
2091
2092
2092
2092
2093
2093
2093
2095
2096
2096
2099
2099
2099
2099
2099
2100
2101
2101
2102
2102
2103
2103
2104
2106
2108
2108
2110
2110
2112
2113
2114
2116
2117
2118
2118
2121
2122
2123
2123
2124
2125
2126
2126
2126
2127
2127
2129
2129
2130
2131
2131
2133
2133
2134
2134
2134
2135
2135
2135
2136
2136
2137
2138
2139
2139
2139
2139
2140
2141
2142
2142
2144
2144
2145
2145
2148
2148
2149
2152
2152
2152
2153
2153
2156
2156
2156
2157
2158
2158
2159
2162
2162
2164
2164
2166
2166
2167
2168
2170
2170
2170
2171
2173
2173
2174
2174
2176
2177
2177
2177
2177
2179
2181
2182
2183
2183
2186
2186
2187
2187
2189
2189
2194
2194
2195
2195
2196
2196
2197
2197
2197
2198
2199
2199
2199
2200
2201
2201
2202
2202
2203
2205
2206
2206
2206
2208
2208
2208
2208
2209
2211
2214
2215
2216
2216
2216
2217
2218
2221
2222
2222
2222
2223
2224
2224
2224
2224
2229
2233
2233
2233
2237
2238
2238
2238
2240
2241
2242
2244
2244
2244
2244
2244
2245
2245
2246
2248
2248
2249
2250
2251
2251
2254
2254
2254
2254
2255
2255
2255
2255
2256
2257
2257
2257
2258
2258
2258
2259
2261
2261
2263
2263
2264
2264
2266
2267
2268
2268
2270
2270
2271
2271
2271
2274
2276
2277
2278
2279
2280
2280
2280
2280
2280
2280
2280
2281
2282
2283
2284
2285
2286
2287
2287
2287
2287
2288
2288
2289
2290
2293
2293
2293
2294
2295
2296
2296
2298
2300
2300
2301
2301
2302
2307
2307
2307
2310
2310
2312
2313
2314
2314
2314
2315
2316
2316
2316
2317
2320
2321
2321
2323
2323
2324
2325
2326
2326
2328
2328
2328
2329
2329
2330
2330
2331
2331
2331
2333
2333
2334
2336
2336
2337
2337
2338
2339
2341
2342
2342
2342
2344
2344
2345
2346
2346
2347
2347
2347
2348
2348
2349
2351
2351
2352
2352
2353
2353
2353
2355
2355
2356
2356
2357
2357
2357
2358
2358
2358
2359
2360
2361
2362
2362
2363
2364
2365
2367
2367
2367
2368
2368
2369
2370
2371
2371
2371
2373
2375
2377
2377
2379
2379
2380
2380
2381
2381
2385
2386
2388
2388
2388
2389
2391
2391
2391
2391
2393
2395
2396
2396
2397
2398
2399
2400
2400
2401
2401
2401
2402
2402
2404
2404
2405
2405
2405
2406
2406
2406
2408
2409
2412
2413
2413
2413
2415
2415
2415
2416
2416
2417
2417
2418
2418
2418
2418
2419
2420
2421
2423
2424
2424
2424
2425
2426
2426
2426
2427
2427
2428
2428
2429
2429
2429
2431
2434
2434
2436
2436
2438
2440
2442
2442
2442
2443
2444
2444
2444
2447
2448
2449
2450
2450
2451
2451
2451
2452
2453
2456
2457
2457
2458
2459
2459
2459
2461
2464
2464
2465
2465
2466
2466
2466
2466
2467
2469
2469
2470
2471
2471
2471
2473
2474
2474
2474
2474
2478
2478
2479
2480
2481
2483
2483
2484
2484
2485
2486
2487
2487
2487
2488
2489
2490
2492
2492
2494
2496
2498
2499
2499
2500
2501
2502
2503
2503
2505
2506
2507
2507
2510
2511
2511
2512
2512
2512
2513
2513
2514
2514
2515
2515
2515
2519
2520
2520
2520
2521
2521
2523
2524
2524
2524
2525
2526
2526
2527
2527
2528
2528
2529
2529
2529
2530
2530
2531
2533
2533
2533
2534
2534
2535
2536
2537
2537
2537
2538
2539
2540
2541
2542
2544
2544
2544
2545
2546
2546
2546
2546
2548
2549
2550
2550
2551
2551
2553
2554
2555
2556
2557
2557
2558
2559
2562
2562
2562
2562
2564
2564
2566
2566
2566
2568
2571
2572
2572
2573
2573
2573
2573
2574
2574
2574
2576
2576
2576
2578
2579
2580
2580
2583
2584
2586
2586
2587
2587
2588
2588
2589
2589
2590
2591
2591
2592
2594
2594
2594
2594
2595
2598
2599
2599
2603
2604
2604
2605
2605
2607
2607
2608
2608
2608
2608
2608
2608
2608
2609
2609
2610
2610
2611
2612
2612
2613
2614
2615
2616
2616
2617
2618
2619
2620
2620
2622
2622
2623
2623
2623
2624
2626
2629
2631
2631
2632
2632
2632
2634
2634
2636
2638
2638
2639
2640
2642
2644
2644
2644
2645
2647
2648
2648
2648
2651
2653
2653
2653
2654
2654
2654
2655
2657
2661
2662
2663
2664
2665
2665
2666
2669
2669
2671
2671
2672
2672
2673
2676
2678
2679
2679
2680
2681
2681
2682
2682
2683
2684
2685
2687
2687
2688
2688
2689
2690
2690
2691
2691
2692
2692
2692
2692
2693
2695
2695
2696
2697
2700
2700
2702
2702
2702
2704
2704
2704
2707
2707
2708
2710
2710
2710
2712
2712
2713
2715
2716
2716
2716
2717
2718
2718
2718
2719
2721
2724
2724
2726
2727
2729
2729
2730
2730
2731
2732
2733
2734
2734
2734
2735
2735
2736
2737
2740
2742
2742
2743
2743
2744
2744
2745
2747
2747
2747
2748
2749
2749
2749
2750
2751
2752
2754
2754
2754
2757
2757
2758
2761
2761
2763
2764
2765
2766
2766
2768
2773
2774
2775
2775
2776
2776
2776
2777
2778
2779
2780
2780
2781
2782
2783
2784
2786
2791
2791
2791
2792
2792
2793
2797
2798
2798
2799
2800
2801
2802
2803
2804
2805
2806
2807
2807
2810
2811
2811
2814
2815
2817
2819
2820
2821
2824
2824
2824
2826
2826
2834
2834
2835
2836
2837
2838
2839
2840
2840
2840
2841
2842
2843
2844
2844
2848
2848
2849
2850
2850
2850
2852
2853
2854
2854
2854
2857
2860
2862
2863
2865
2866
2866
2866
2872
2873
2874
2875
2877
2878
2879
2880
2881
2881
2881
2882
2883
2884
2886
2887
2888
2889
2891
2891
2893
2895
2898
2900
2901
2904
2907
2909
2909
2914
2916
2917
2917
2920
2921
2921
2925
2929
2931
2931
2932
2933
2933
2938
2939
2939
2939
2941
2941
2942
2942
2942
2943
2945
2945
2947
2947
2948
2948
2949
2951
2954
2954
2954
2954
2956
2958
2960
2961
2963
2963
2966
2967
2969
2969
2969
2972
2972
2973
2974
2975
2977
2978
2979
2981
2982
2984
2985
2987
2987
2990
2991
2992
2996
2997
2999
2999
3002
3004
3005
3007
3007
3008
3008
3011
3011
3012
3014
3015
3015
3015
3017
3017
3017
3018
3020
3020
3021
3022
3023
3025
3026
3027
3027
3028
3028
3028
3029
3030
3031
3033
3034
3034
3035
3042
3043
3044
3045
3046
3048
3049
3049
3050
3053
3055
3056
3056
3057
3058
3059
3060
3060
3062
3063
3067
3070
3070
3071
3073
3076
3077
3077
3079
3080
3080
3080
3080
3081
3081
3081
3082
3083
3085
3085
3087
3087
3089
3090
3092
3092
3094
3096
3097
3097
3101
3102
3103
3106
3108
3109
3110
3111
3111
3114
3115
3115
3115
3116
3116
3118
3119
3119
3120
3120
3120
3121
3123
3123
3124
3124
3124
3125
3125
3127
3127
3129
3130
3130
3131
3131
3131
3138
3139
3140
3143
3144
3150
3150
3151
3153
3153
3153
3158
3160
3161
3162
3163
3164
3166
3166
3167
3168
3171
3171
3171
3173
3173
3173
3173
3175
3176
3176
3176
3177
3178
3179
3180
3180
3182
3185
3186
3189
3189
3192
3193
3194
3196
3196
3197
3197
3199
3199
3200
3201
3202
3203
3204
3204
3204
3206
3207
3209
3209
3209
3212
3212
3213
3213
3215
3215
3215
3216
3217
3219
3219
3220
3221
3221
3222
3223
3224
3226
3227
3228
3230
3231
3231
3234
3236
3238
3238
3241
3241
3241
3243
3244
3246
3248
3250
3251
3252
3253
3253
3256
3258
3260
3262
3263
3264
3266
3270
3270
3274
3276
3276
3277
3281
3281
3282
3282
3283
3284
3284
3286
3287
3287
3288
3289
3290
3292
3292
3293
3293
3295
3295
3297
3298
3299
3300
3300
3301
3303
3303
3305
3307
3308
3308
3309
3310
3310
3312
3312
3315
3318
3318
3319
3319
3320
3320
3320
3321
3322
3322
3322
3325
3325
3326
3327
3327
3327
3327
3328
3330
3331
3331
3335
3336
3336
3337
3337
3338
3339
3340
3341
3341
3342
3343
3345
3345
3347
3349
3349
3350
3350
3351
3352
3353
3354
3362
3363
3366
3367
3368
3369
3370
3370
3372
3373
3374
3374
3376
3377
3379
3381
3385
3386
3388
3389
3390
3390
3391
3391
3392
3395
3395
3401
3402
3405
3406
3406
3406
3408
3408
3410
3410
3411
3411
3413
3416
3417
3417
3418
3418
3419
3422
3423
3423
3424
3425
3425
3425
3425
3429
3430
3431
3433
3435
3435
3436
3438
3439
3440
3442
3442
3444
3444
3444
3446
3447
3450
3455
3457
3459
3460
3461
3462
3463
3463
3464
3470
3470
3472
3472
3473
3473
3473
3473
3475
3476
3478
3479
3482
3483
3484
3485
3488
3492
3493
3495
3495
3496
3499
3499
3502
3505
3505
3507
3510
3511
3512
3514
3515
3515
3516
3516
3516
3516
3517
3518
3521
3523
3524
3526
3527
3528
3528
3531
3531
3531
3531
3533
3533
3534
3534
3535
3535
3536
3541
3543
3545
3545
3548
3550
3550
3550
3552
3553
3553
3554
3555
3559
3559
3561
3564
3564
3565
3565
3565
3565
3566
3567
3568
3568
3572
3572
3572
3573
3577
3578
3579
3581
3582
3582
3583
3584
3587
3590
3593
3593
3594
3595
3597
3597
3599
3599
3599
3600
3602
3604
3605
3608
3609
3609
3610
3611
3612
3613
3614
3614
3614
3615
3616
3616
3618
3619
3621
3622
3622
3623
3624
3625
3625
3626
3626
3628
3630
3631
3633
3637
3637
3638
3639
3639
3641
3642
3643
3644
3644
3645
3645
3645
3647
3647
3650
3652
3654
3657
3657
3658
3658
3658
3661
3661
3663
3665
3665
3665
3666
3666
3666
3668
3668
3669
3670
3671
3673
3674
3674
3677
3679
3679
3682
3683
3683
3685
3685
3687
3687
3689
3689
3689
3690
3690
3691
3693
3693
3694
3697
3698
3698
3698
3699
3699
3701
3701
3701
3702
3703
3704
3705
3705
3707
3708
3712
3713
3714
3715
3716
3717
3719
3721
3723
3724
3725
3726
3726
3730
3732
3733
3734
3734
3734
3736
3737
3737
3737
3737
3738
3738
3738
3741
3745
3746
3748
3750
3750
3751
3751
3754
3756
3756
3758
3760
3764
3764
3765
3765
3767
3768
3768
3769
3769
3770
3770
3770
3773
3774
3774
3777
3778
3779
3779
3780
3782
3783
3783
3784
3786
3787
3790
3790
3790
3790
3791
3791
3792
3794
3794
3794
3794
3794
3795
3798
3799
3799
3799
3799
3802
3803
3803
3803
3806
3806
3807
3807
3808
3811
3811
3813
3815
3816
3818
3818
3822
3823
3823
3824
3825
3826
3826
3830
3830
3830
3832
3835
3838
3838
3839
3839
3840
3841
3843
3843
3844
3847
3848
3848
3849
3849
3850
3851
3853
3853
3853
3857
3859
3859
3863
3867
3868
3870
3872
3874
3875
3876
3877
3877
3878
3880
3880
3881
3883
3883
3885
3885
3885
3887
3887
3890
3890
3890
3892
3894
3896
3897
3897
3897
3900
3901
3901
3902
3902
3903
3905
3907
3907
3907
3911
3911
3912
3912
3913
3913
3914
3914
3915
3915
3916
3922
3922
3923
3924
3925
3925
3926
3927
3929
3930
3931
3932
3932
3932
3933
3934
3934
3935
3935
3937
3939
3940
3940
3941
3941
3941
3942
3942
3943
3943
3943
3946
3948
3948
3951
3952
3954
3956
3956
3958
3960
3964
3964
3964
3968
3970
3971
3971
3972
3972
3972
3972
3974
3974
3976
3977
3977
3979
3979
3982
3983
3983
3985
3985
3985
3986
3986
3989
3991
3991
3993
3994
3995
3995
3996
3997
3998
3998
3999
4001
4001
4002
4004
4005
4005
4006
4006
4007
4008
4011
4013
4014
4015
4017
4018
4018
4019
4019
4021
4024
4024
4026
4026
4027
4028
4031
4031
4033
4034
4036
4036
4037
4037
4038
4038
4039
4040
4040
4042
4042
4042
4043
4045
4046
4047
4050
4051
4052
4054
4054
4054
4055
4058
4061
4063
4064
4067
4068
4068
4070
4071
4072
4072
4073
4074
4074
4075
4080
4081
4082
4082
4084
4087
4089
4090
4090
4092
4093
4093
4094
4095
4097
4097
4098
4099
4101
4101
4102
4103
4105
4105
4105
4107
4109
4109
4110
4111
4111
4113
4115
4115
4116
4116
4120
4120
4122
4122
4123
4126
4126
4127
4127
4128
4131
4133
4134
4137
4137
4140
4141
4144
4144
4147
4147
4148
4148
4148
4150
4152
4153
4157
4157
4159
4159
4160
4162
4163
4164
4165
4166
4167
4167
4168
4171
4172
4175
4175
4177
4180
4181
4182
4187
4187
4188
4189
4190
4191
4192
4194
4196
4196
4198
4198
4198
4199
4202
4205
4206
4208
4210
4213
4217
4218
4218
4219
4220
4220
4220
4221
4221
4222
4222
4225
4226
4226
4229
4230
4230
4231
4232
4232
4234
4234
4237
4237
4237
4237
4238
4239
4242
4242
4243
4244
4244
4244
4245
4246
4246
4247
4247
4248
4248
4250
4250
4251
4251
4252
4253
4254
4256
4257
4258
4261
4262
4262
4262
4262
4264
4265
4265
4266
4267
4269
4270
4270
4273
4275
4276
4281
4282
4283
4284
4285
4286
4287
4287
4288
4289
4290
4290
4293
4294
4294
4294
4295
4298
4302
4303
4304
4306
4306
4307
4308
4309
4310
4313
4315
4315
4319
4320
4321
4324
4325
4326
4328
4330
4330
4331
4332
4332
4334
4335
4337
4337
4339
4340
4342
4345
4345
4345
4347
4347
4350
4352
4353
4354
4354
4354
4355
4355
4358
4359
4359
4363
4363
4366
4366
4367
4369
4372
4372
4373
4375
4376
4378
4378
4380
4382
4382
4383
4384
4384
4390
4391
4392
4395
4396
4399
4400
4400
4400
4401
4402
4402
4405
4408
4410
4410
4411
4411
4414
4416
4419
4420
4422
4423
4425
4428
4428
4430
4430
4430
4431
4431
4435
4437
4437
4438
4439
4439
4440
4443
4444
4445
4446
4446
4449
4450
4451
4451
4452
4452
4453
4454
4454
4455
4459
4459
4462
4464
4465
4466
4470
4471
4473
4476
4477
4477
4477
4479
4480
4480
4483
4483
4484
4486
4486
4486
4488
4488
4492
4492
4493
4494
4496
4497
4497
4499
4502
4502
4503
4504
4505
4505
4505
4506
4506
4507
4507
4508
4509
4511
4512
4512
4513
4514
4515
4515
4517
4517
4518
4519
4520
4524
4524
4525
4527
4528
4528
4528
4529
4531
4531
4532
4532
4533
4533
4535
4536
4537
4537
4538
4538
4541
4542
4543
4547
4548
4549
4549
4550
4554
4555
4556
4558
4559
4563
4563
4563
4565
4568
4570
4570
4571
4571
4576
4577
4579
4579
4580
4581
4582
4582
4587
4590
4591
4591
4593
4594
4595
4595
4595
4597
4599
4599
4600
4601
4601
4601
4601
4601
4602
4604
4605
4607
4608
4608
4610
4610
4611
4613
4613
4613
4613
4613
4616
4618
4618
4620
4620
4621
4621
4622
4623
4626
4626
4628
4630
4630
4631
4632
4632
4633
4634
4636
4637
4638
4639
4639
4641
4641
4642
4644
4648
4648
4648
4649
4651
4653
4654
4654
4655
4655
4656
4661
4662
4664
4665
4666
4666
4666
4669
4670
4671
4676
4676
4677
4678
4679
4680
4683
4683
4688
4689
4689
4691
4691
4693
4693
4697
4700
4701
4701
4702
4703
4703
4703
4704
4704
4706
4707
4707
4707
4709
4710
4710
4711
4714
4714
4715
4715
4716
4720
4720
4721
4721
4721
4721
4722
4722
4723
4724
4725
4725
4726
4726
4726
4729
4730
4733
4733
4734
4734
4736
4738
4740
4741
4742
4742
4743
4745
4745
4746
4746
4750
4750
4751
4752
4752
4752
4753
4753
4754
4754
4757
4757
4758
4758
4760
4760
4760
4762
4764
4765
4765
4767
4767
4768
4768
4769
4770
4770
4771
4774
4775
4776
4778
4778
4778
4779
4779
4779
4780
4780
4780
4780
4780
4782
4782
4784
4785
4786
4787
4788
4789
4790
4793
4794
4799
4800
4801
4802
4805
4806
4807
4807
4807
4808
4809
4809
4809
4810
4811
4811
4812
4814
4815
4815
4817
4818
4819
4821
4824
4825
4826
4826
4827
4828
4829
4830
4832
4832
4833
4833
4834
4834
4834
4835
4835
4835
4836
4837
4838
4838
4839
4840
4841
4842
4845
4845
4846
4846
4846
4848
4851
4851
4853
4856
4857
4859
4859
4859
4860
4861
4862
4862
4866
4866
4866
4867
4872
4873
4873
4874
4875
4875
4878
4878
4878
4878
4879
4880
4882
4883
4883
4885
4886
4888
4888
4888
4888
4888
4889
4890
4891
4891
4893
4895
4898
4902
4903
4903
4903
4905
4908
4908
4909
4909
4910
4911
4913
4915
4916
4916
4918
4919
4919
4921
4921
4922
4924
4925
4926
4928
4928
4930
4930
4934
4934
4935
4935
4935
4936
4936
4937
4939
4939
4940
4941
4941
4944
4945
4945
4946
4946
4946
4950
4950
4951
4952
4952
4953
4953
4953
4953
4955
4956
4956
4957
4966
4967
4967
4969
4971
4972
4972
4972
4973
4973
4975
4977
4977
4978
4979
4980
4980
4983
4986
4987
4990
4990
4993
4994
4996
4997
4998
5000
5003
5004
5006
5006
5007
5007
5007
5008
5008
5009
5009
5010
5010
5011
5014
5015
5016
5016
5017
5019
5020
5020
5021
5022
5024
5024
5027
5028
5028
5030
5031
5033
5034
5037
5037
5038
5040
5040
5040
5041
5041
5042
5043
5043
5043
5045
5046
5050
5052
5053
5054
5055
5059
5059
5061
5061
5062
5064
5064
5065
5065
5068
5069
5072
5073
5074
5076
5077
5077
5078
5079
5080
5080
5080
5081
5082
5084
5087
5090
5091
5091
5092
5092
5094
5095
5096
5098
5099
5099
5099
5099
5100
5100
5101
5101
5102
5104
5104
5104
5105
5107
5107
5111
5113
5113
5117
5118
5118
5120
5121
5121
5123
5123
5123
5124
5125
5125
5128
5128
5128
5129
5129
5130
5130
5133
5134
5139
5140
5140
5143
5145
5145
5151
5152
5153
5154
5154
5156
5157
5157
5158
5161
5162
5162
5163
5163
5165
5165
5166
5166
5166
5167
5170
5170
5171
5171
5175
5176
5177
5179
5180
5181
5181
5181
5182
5186
5187
5187
5188
5190
5190
5192
5193
5197
5198
5198
5199
5203
5203
5204
5205
5206
5206
5208
5208
5208
5208
5209
5210
5211
5212
5212
5212
5214
5216
5217
5219
5219
5219
5220
5220
5220
5220
5222
5223
5224
5225
5227
5227
5228
5229
5229
5230
5231
5231
5231
5231
5232
5232
5233
5233
5234
5235
5235
5235
5236
5237
5237
5242
5242
5243
5244
5246
5246
5247
5248
5255
5257
5257
5259
5261
5262
5262
5263
5264
5264
5265
5266
5266
5266
5266
5267
5268
5270
5275
5277
5279
5279
5279
5279
5280
5280
5281
5281
5282
5283
5283
5283
5283
5285
5285
5286
5286
5288
5289
5290
5290
5292
5292
5293
5293
5296
5296
5298
5298
5298
5300
5300
5302
5302
5304
5304
5305
5305
5307
5307
5311
5311
5312
5312
5313
5313
5314
5314
5316
5317
5317
5323
5323
5324
5325
5330
5332
5332
5335
5336
5337
5337
5339
5342
5342
5344
5344
5344
5344
5348
5351
5351
5352
5352
5353
5354
5355
5355
5356
5357
5357
5359
5361
5362
5362
5364
5364
5365
5366
5367
5370
5370
5371
5372
5372
5373
5376
5376
5377
5377
5381
5383
5383
5384
5388
5389
5389
5389
5390
5391
5392
5392
5393
5395
5396
5398
5400
5400
5401
5401
5403
5403
5404
5406
5408
5408
5408
5408
5410
5410
5412
5412
5412
5412
5412
5413
5413
5413
5415
5415
5416
5417
5418
5419
5419
5420
5421
5425
5425
5425
5427
5427
5427
5427
5428
5428
5429
5430
5433
5434
5437
5437
5438
5439
5442
5442
5443
5443
5443
5445
5446
5448
5448
5449
5449
5449
5450
5454
5456
5457
5460
5460
5461
5461
5462
5462
5463
5464
5464
5465
5465
5467
5467
5467
5469
5469
5469
5469
5473
5475
5475
5477
5478
5478
5479
5481
5482
5485
5486
5488
5489
5489
5490
5490
5490
5492
5492
5492
5492
5492
5493
5494
5495
5495
5496
5497
5497
5498
5499
5500
5500
5501
5501
5501
5502
5503
5503
5506
5506
5509
5509
5509
5512
5512
5514
5515
5517
5522
5523
5523
5524
5526
5526
5527
5529
5532
5532
5534
5536
5537
5537
5538
5539
5540
5540
5542
5543
5543
5544
5545
5547
5549
5551
5552
5552
5553
5553
5554
5560
5562
5563
5563
5564
5564
5566
5566
5567
5567
5567
5567
5568
5569
5569
5569
5569
5570
5571
5573
5573
5576
5578
5579
5579
5581
5581
5581
5582
5583
5584
5585
5588
5588
5590
5591
5594
5594
5595
5596
5596
5598
5599
5601
5601
5601
5601
5602
5602
5603
5604
5605
5606
5608
5609
5610
5611
5611
5613
5613
5615
5616
5616
5618
5619
5619
5623
5625
5628
5629
5629
5630
5631
5632
5632
5633
5634
5635
5635
5638
5638
5639
5640
5641
5642
5642
5643
5646
5648
5649
5651
5651
5651
5652
5654
5660
5660
5660
5661
5661
5662
5662
5663
5663
5663
5664
5665
5669
5669
5669
5671
5674
5674
5675
5676
5676
5676
5677
5681
5682
5682
5682
5683
5683
5685
5685
5685
5686
5687
5687
5687
5687
5687
5691
5693
5695
5696
5696
5698
5698
5701
5702
5703
5704
5707
5707
5707
5708
5710
5714
5716
5717
5717
5719
5720
5720
5720
5723
5723
5724
5724
5724
5725
5726
5730
5730
5731
5732
5734
5735
5735
5739
5739
5741
5742
5742
5742
5743
5743
5743
5744
5744
5745
5745
5747
5747
5748
5751
5751
5752
5754
5754
5755
5755
5757
5758
5758
5760
5760
5760
5761
5761
5761
5761
5761
5762
5762
5762
5763
5763
5763
5764
5765
5765
5768
5769
5770
5770
5772
5774
5774
5775
5776
5776
5777
5777
5777
5781
5781
5781
5782
5782
5783
5783
5783
5784
5784
5784
5785
5785
5787
5787
5788
5788
5788
5789
5791
5793
5794
5794
5795
5795
5798
5799
5799
5801
5801
5803
5805
5808
5812
5813
5813
5814
5818
5821
5825
5827
5827
5827
5828
5830
5831
5831
5832
5833
5833
5834
5834
5834
5834
5835
5836
5838
5838
5839
5841
5842
5843
5844
5847
5848
5848
5849
5849
5851
5852
5853
5855
5857
5859
5860
5860
5861
5862
5863
5863
5866
5869
5871
5871
5873
5874
5876
5876
5877
5880
5881
5882
5883
5883
5885
5885
5886
5887
5888
5889
5891
5892
5892
5892
5892
5893
5895
5895
5895
5896
5897
5897
5898
5903
5903
5903
5903
5903
5906
5906
5907
5909
5909
5911
5911
5912
5913
5914
5916
5917
5919
5919
5922
5922
5924
5925
5925
5929
5931
5933
5933
5934
5934
5934
5937
5938
5941
5942
5943
5943
5944
5947
5948
5948
5948
5948
5950
5951
5952
5953
5955
5955
5955
5956
5957
5959
5960
5960
5960
5961
5964
5966
5967
5967
5968
5969
5971
5974
5976
5976
5977
5977
5978
5978
5983
5983
5983
5984
5984
5984
5985
5990
5991
5992
5992
5993
5994
5996
5996
5996
5999
5999
6000
6004
6005
6005
6006
6007
6007
6008
6010
6010
6010
6012
6012
6012
6013
6013
6014
6015
6015
6016
6018
6020
6020
6020
6021
6021
6022
6022
6024
6025
6026
6026
6028
6029
6031
6034
6034
6034
6034
6037
6038
6038
6038
6041
6053
6053
6053
6053
6053
6057
6058
6058
6059
6061
6062
6062
6063
6063
6066
6066
6067
6067
6068
6069
6072
6072
6073
6074
6075
6079
6079
6081
6083
6086
6087
6088
6091
6091
6091
6094
6094
6094
6095
6095
6096
6097
6098
6101
6102
6103
6103
6104
6106
6107
6111
6111
6112
6114
6114
6114
6117
6117
6118
6118
6120
6121
6122
6123
6123
6124
6124
6125
6126
6126
6128
6129
6129
6131
6131
6131
6132
6132
6132
6133
6134
6134
6134
6134
6135
6136
6137
6138
6139
6140
6140
6141
6142
6142
6146
6148
6149
6150
6151
6153
6155
6155
6155
6156
6157
6157
6158
6159
6159
6162
6162
6163
6165
6165
6165
6166
6167
6168
6168
6169
6171
6173
6175
6175
6176
6176
6177
6179
6180
6181
6183
6185
6186
6187
6188
6188
6188
6189
6190
6194
6196
6198
6198
6199
6199
6199
6201
6203
6203
6204
6205
6208
6208
6209
6209
6210
6213
6218
6220
6220
6221
6223
6225
6225
6226
6228
6229
6229
6234
6235
6236
6236
6237
6239
6240
6240
6244
6244
6247
6247
6247
6247
6248
6248
6249
6251
6252
6254
6257
6260
6260
6265
6265
6267
6268
6269
6271
6272
6273
6273
6274
6274
6275
6276
6276
6279
6280
6280
6282
6282
6283
6283
6284
6284
6288
6288
6288
6288
6292
6294
6294
6295
6295
6296
6297
6301
6301
6301
6303
6305
6306
6306
6307
6308
6309
6309
6310
6310
6312
6316
6316
6316
6316
6316
6317
6317
6318
6321
6322
6324
6324
6325
6325
6327
6327
6328
6330
6331
6333
6333
6334
6334
6335
6338
6338
6342
6342
6342
6348
6348
6348
6348
6351
6352
6353
6354
6355
6357
6358
6358
6360
6360
6361
6361
6365
6366
6369
6369
6369
6369
6373
6374
6374
6375
6375
6377
6379
6381
6382
6383
6386
6387
6389
6390
6393
6394
6395
6396
6397
6402
6405
6406
6406
6406
6407
6407
6409
6410
6414
6414
6414
6415
6416
6417
6417
6420
6421
6421
6421
6422
6422
6423
6423
6424
6424
6424
6428
6429
6432
6437
6437
6437
6438
6439
6439
6439
6440
6441
6444
6449
6449
6452
6452
6453
6453
6453
6454
6454
6454
6455
6456
6457
6457
6458
6459
6459
6460
6460
6461
6462
6463
6465
6466
6467
6470
6471
6473
6474
6475
6478
6478
6479
6480
6481
6483
6483
6484
6485
6485
6485
6486
6487
6487
6487
6488
6489
6490
6490
6491
6491
6493
6493
6496
6497
6497
6502
6502
6504
6504
6506
6506
6507
6509
6510
6515
6515
6516
6518
6519
6522
6523
6525
6526
6527
6528
6528
6529
6529
6529
6529
6531
6532
6533
6534
6535
6538
6538
6539
6540
6540
6542
6543
6543
6544
6544
6545
6545
6545
6546
6548
6549
6550
6550
6550
6551
6552
6552
6552
6552
6553
6554
6559
6559
6559
6559
6561
6563
6564
6567
6568
6568
6568
6569
6570
6572
6574
6576
6576
6577
6578
6579
6579
6580
6580
6581
6582
6583
6583
6584
6584
6585
6586
6587
6591
6591
6594
6594
6595
6596
6597
6598
6603
6604
6605
6605
6605
6607
6608
6609
6609
6610
6611
6611
6612
6612
6614
6617
6617
6619
6620
6620
6624
6624
6625
6627
6628
6629
6633
6634
6635
6637
6638
6639
6640
6640
6640
6640
6641
6642
6644
6644
6646
6648
6648
6648
6649
6651
6652
6653
6653
6654
6654
6655
6655
6656
6658
6659
6660
6662
6663
6664
6665
6665
6665
6666
6667
6668
6669
6670
6672
6673
6673
6674
6675
6677
6677
6677
6678
6680
6682
6685
6686
6688
6689
6690
6691
6691
6692
6692
6694
6695
6696
6699
6699
6700
6701
6701
6703
6704
6704
6705
6707
6707
6707
6708
6709
6710
6710
6713
6715
6715
6716
6720
6721
6721
6722
6722
6723
6723
6726
6726
6728
6728
6728
6728
6729
6730
6731
6731
6732
6734
6735
6736
6736
6736
6738
6739
6740
6741
6742
6743
6746
6748
6750
6752
6753
6753
6754
6758
6759
6761
6762
6762
6762
6762
6763
6766
6767
6767
6768
6768
6768
6770
6772
6773
6773
6774
6774
6775
6777
6778
6781
6782
6785
6786
6788
6788
6790
6790
6791
6796
6796
6797
6797
6797
6797
6800
6800
6801
6801
6802
6803
6803
6806
6810
6811
6811
6812
6813
6814
6815
6815
6817
6819
6820
6820
6823
6823
6824
6825
6825
6826
6827
6827
6828
6829
6829
6830
6830
6831
6831
6832
6832
6833
6834
6834
6834
6835
6838
6839
6839
6839
6840
6841
6843
6844
6844
6844
6845
6845
6845
6846
6848
6849
6849
6850
6852
6853
6854
6854
6855
6855
6856
6858
6858
6859
6861
6865
6866
6868
6869
6870
6871
6872
6875
6876
6878
6878
6882
6883
6884
6885
6885
6887
6888
6888
6888
6889
6890
6891
6891
6892
6893
6893
6893
6893
6894
6895
6895
6896
6897
6897
6897
6897
6902
6902
6904
6905
6906
6907
6907
6912
6913
6913
6914
6914
6915
6918
6918
6919
6920
6921
6922
6928
6928
6929
6929
6930
6930
6930
6930
6932
6932
6933
6935
6936
6936
6939
6942
6943
6944
6945
6945
6945
6947
6948
6949
6949
6949
6949
6950
6950
6951
6951
6951
6952
6952
6953
6954
6955
6955
6959
6960
6960
6962
6962
6964
6964
6964
6964
6964
6970
6971
6973
6974
6974
6975
6976
6977
6978
6979
6981
6985
6985
6986
6988
6990
6990
6992
6995
6995
6996
6996
6998
6998
6998
6998
6998
6999
7001
7002
7002
7006
7007
7007
7008
7008
7008
7009
7009
7010
7013
7013
7015
7015
7016
7017
7017
7017
7018
7019
7020
7021
7021
7023
7024
7030
7030
7030
7031
7034
7035
7036
7039
7039
7040
7040
7041
7041
7041
7047
7048
7049
7051
7054
7056
7057
7057
7057
7058
7063
7064
7065
7065
7065
7065
7068
7072
7072
7072
7072
7073
7074
7077
7078
7079
7081
7082
7082
7083
7084
7085
7086
7089
7091
7091
7093
7093
7094
7094
7095
7096
7096
7097
7100
7102
7103
7103
7104
7106
7107
7108
7108
7108
7108
7109
7110
7111
7111
7113
7114
7115
7115
7115
7116
7117
7118
7120
7120
7122
7122
7124
7124
7125
7125
7126
7127
7129
7130
7131
7132
7132
7133
7134
7136
7139
7141
7141
7143
7145
7147
7148
7150
7150
7151
7151
7152
7152
7152
7153
7153
7155
7156
7158
7159
7160
7165
7168
7168
7168
7169
7170
7171
7174
7175
7176
7177
7177
7178
7179
7180
7180
7181
7182
7182
7183
7185
7185
7187
7188
7190
7193
7193
7193
7193
7194
7194
7195
7195
7196
7197
7198
7199
7199
7200
7204
7204
7206
7206
7206
7211
7213
7213
7215
7220
7221
7224
7224
7225
7227
7228
7228
7229
7231
7231
7234
7235
7235
7236
7239
7239
7239
7242
7244
7245
7245
7247
7248
7249
7252
7253
7254
7254
7255
7255
7255
7255
7255
7256
7256
7257
7258
7258
7262
7263
7264
7265
7265
7266
7266
7269
7271
7271
7274
7276
7276
7279
7279
7279
7280
7281
7282
7284
7286
7287
7287
7290
7291
7291
7291
7292
7292
7295
7296
7297
7297
7297
7299
7300
7303
7306
7308
7310
7311
7312
7315
7315
7316
7317
7319
7320
7321
7323
7324
7325
7326
7326
7328
7328
7329
7331
7331
7332
7337
7339
7339
7348
7349
7349
7350
7352
7353
7353
7354
7356
7356
7359
7359
7360
7360
7360
7360
7361
7362
7362
7363
7363
7364
7365
7366
7367
7369
7370
7371
7372
7374
7376
7377
7378
7378
7378
7378
7379
7379
7381
7382
7382
7384
7386
7388
7391
7394
7394
7397
7397
7397
7398
7399
7400
7401
7402
7403
7403
7404
7405
7405
7406
7407
7407
7409
7409
7414
7418
7418
7420
7421
7421
7422
7423
7423
7424
7425
7427
7428
7428
7429
7430
7430
7432
7432
7435
7436
7437
7438
7438
7438
7440
7441
7443
7444
7444
7447
7447
7448
7459
7459
7460
7461
7463
7466
7471
7473
7474
7474
7476
7476
7477
7478
7480
7482
7483
7484
7484
7486
7488
7491
7491
7492
7493
7495
7496
7496
7497
7499
7500
7500
7500
7503
7504
7504
7506
7507
7511
7512
7513
7514
7514
7517
7518
7521
7522
7523
7524
7528
7529
7529
7529
7530
7530
7530
7532
7532
7533
7533
7536
7537
7539
7539
7540
7542
7544
7545
7546
7547
7547
7549
7549
7550
7552
7552
7553
7555
7557
7558
7558
7559
7560
7564
7568
7568
7571
7571
7573
7573
7573
7574
7574
7574
7576
7578
7579
7579
7580
7580
7583
7583
7585
7585
7591
7592
7593
7593
7593
7594
7594
7594
7594
7595
7595
7595
7596
7597
7598
7599
7599
7600
7600
7601
7602
7603
7603
7604
7604
7605
7606
7607
7607
7608
7611
7611
7613
7615
7615
7616
7616
7616
7617
7617
7618
7618
7618
7620
7621
7623
7623
7624
7624
7626
7628
7629
7630
7630
7631
7632
7632
7634
7634
7637
7638
7639
7640
7641
7642
7642
7645
7647
7649
7649
7651
7654
7654
7654
7655
7658
7659
7659
7661
7662
7663
7666
7668
7670
7671
7672
7672
7673
7674
7676
7677
7678
7679
7680
7682
7682
7684
7686
7686
7686
7686
7686
7688
7689
7691
7693
7695
7695
7696
7696
7698
7698
7699
7700
7701
7701
7703
7704
7706
7708
7709
7709
7710
7710
7710
7714
7714
7715
7717
7718
7719
7719
7720
7720
7721
7722
7725
7730
7731
7734
7736
7737
7737
7737
7739
7740
7740
7740
7740
7740
7741
7741
7742
7742
7746
7748
7750
7752
7753
7754
7755
7756
7757
7758
7759
7759
7761
7762
7764
7764
7765
7766
7766
7768
7769
7770
7770
7774
7775
7778
7778
7779
7781
7781
7782
7782
7782
7782
7783
7786
7788
7788
7788
7789
7790
7790
7795
7795
7796
7796
7796
7797
7797
7800
7802
7802
7802
7803
7809
7809
7810
7810
7810
7810
7812
7815
7815
7818
7819
7819
7819
7820
7822
7825
7825
7827
7828
7829
7830
7831
7832
7832
7833
7833
7834
7834
7835
7835
7836
7836
7836
7838
7838
7838
7840
7840
7841
7842
7844
7846
7848
7852
7854
7856
7861
7862
7862
7863
7864
7869
7870
7870
7871
7874
7875
7876
7876
7876
7877
7878
7878
7879
7879
7880
7881
7882
7883
7884
7885
7885
7886
7886
7886
7887
7888
7888
7889
7892
7892
7893
7893
7893
7896
7903
7904
7907
7910
7910
7910
7912
7912
7913
7914
7914
7917
7918
7919
7920
7921
7922
7924
7925
7925
7928
7928
7928
7929
7932
7933
7935
7936
7937
7937
7939
7940
7940
7940
7942
7942
7943
7943
7943
7945
7945
7946
7946
7947
7947
7947
7947
7947
7950
7950
7953
7953
7953
7953
7955
7956
7961
7963
7964
7965
7966
7966
7968
7968
7970
7970
7972
7973
7974
7975
7980
7981
7982
7982
7984
7987
7988
7989
7990
7990
7991
7992
7992
7997
7997
7997
7997
7999
7999
7999
8000
8000
8004
8004
8004
8006
8008
8008
8009
8010
8010
8011
8011
8012
8013
8013
8014
8014
8014
8015
8015
8016
8016
8018
8021
8022
8023
8024
8025
8025
8025
8026
8030
8031
8032
8032
8033
8036
8037
8037
8038
8039
8039
8039
8039
8040
8042
8043
8043
8045
8046
8046
8047
8047
8048
8048
8053
8053
8056
8056
8058
8058
8058
8060
8060
8060
8061
8062
8063
8063
8069
8069
8070
8072
8074
8076
8076
8077
8077
8078
8079
8079
8080
8081
8081
8082
8082
8082
8082
8083
8085
8086
8088
8088
8089
8090
8096
8098
8098
8098
8098
8098
8100
8101
8103
8104
8104
8105
8106
8107
8109
8110
8110
8113
8114
8115
8117
8118
8119
8119
8120
8121
8122
8125
8127
8130
8131
8133
8133
8134
8134
8135
8136
8138
8140
8140
8142
8143
8143
8144
8146
8147
8148
8151
8151
8153
8153
8154
8154
8155
8155
8156
8159
8160
8160
8161
8161
8163
8163
8167
8168
8168
8168
8171
8171
8175
8179
8180
8180
8184
8185
8186
8187
8188
8188
8188
8189
8190
8190
8191
8192
8192
8193
8194
8195
8198
8201
8202
8202
8203
8203
8204
8205
8207
8208
8210
8211
8212
8213
8213
8215
8215
8216
8217
8217
8217
8218
8219
8219
8221
8222
8222
8224
8225
8226
8230
8231
8232
8234
8234
8234
8235
8236
8237
8237
8239
8241
8242
8242
8243
8243
8243
8244
8245
8245
8246
8246
8246
8249
8249
8251
8253
8255
8255
8258
8259
8259
8262
8262
8264
8264
8266
8266
8266
8272
8274
8276
8277
8278
8281
8281
8282
8282
8282
8283
8283
8284
8286
8287
8289
8290
8291
8291
8292
8292
8292
8292
8294
8296
8297
8301
8301
8302
8307
8307
8307
8308
8310
8312
8314
8315
8316
8316
8319
8320
8322
8322
8322
8322
8324
8324
8324
8325
8325
8326
8326
8327
8327
8328
8329
8329
8330
8330
8331
8331
8335
8336
8336
8337
8337
8338
8338
8339
8339
8341
8343
8344
8344
8345
8345
8345
8346
8346
8346
8347
8348
8348
8351
8351
8351
8353
8354
8355
8357
8358
8358
8358
8361
8362
8365
8365
8366
8368
8369
8369
8370
8370
8372
8372
8374
8375
8375
8377
8377
8378
8379
8379
8380
8380
8381
8381
8383
8383
8383
8385
8385
8386
8387
8387
8387
8388
8389
8389
8392
8392
8394
8394
8395
8396
8396
8398
8401
8401
8402
8402
8404
8404
8405
8409
8410
8410
8411
8411
8414
8415
8418
8418
8423
8423
8425
8426
8426
8431
8431
8431
8432
8432
8432
8433
8435
8436
8437
8438
8439
8439
8442
8443
8444
8446
8447
8448
8449
8450
8451
8451
8451
8452
8454
8455
8455
8458
8459
8461
8462
8462
8463
8463
8467
8467
8468
8468
8469
8469
8470
8471
8471
8474
8475
8476
8480
8480
8482
8483
8484
8484
8485
8488
8488
8489
8490
8491
8493
8494
8494
8495
8495
8495
8496
8498
8498
8499
8500
8500
8503
8504
8505
8505
8506
8506
8510
8510
8510
8512
8515
8517
8517
8520
8521
8524
8524
8524
8526
8527
8529
8529
8530
8532
8532
8532
8533
8533
8536
8536
8536
8540
8542
8543
8544
8547
8547
8547
8547
8548
8548
8550
8550
8551
8551
8554
8556
8557
8557
8561
8561
8561
8562
8564
8564
8565
8565
8566
8569
8569
8569
8573
8575
8575
8576
8576
8577
8578
8580
8584
8584
8585
8585
8586
8588
8588
8589
8589
8590
8591
8592
8593
8596
8597
8598
8599
8600
8601
8602
8602
8603
8603
8603
8605
8606
8606
8607
8607
8608
8609
8610
8611
8613
8616
8617
8619
8620
8622
8622
8622
8625
8625
8631
8632
8633
8633
8635
8636
8637
8637
8638
8638
8639
8639
8640
8640
8642
8642
8643
8644
8646
8647
8648
8650
8650
8652
8655
8656
8656
8658
8661
8663
8664
8664
8666
8668
8670
8672
8674
8675
8680
8680
8686
8686
8690
8690
8691
8692
8693
8694
8695
8695
8695
8696
8700
8703
8703
8704
8705
8705
8707
8709
8709
8709
8710
8710
8711
8712
8713
8715
8715
8716
8718
8721
8722
8725
8726
8729
8730
8731
8732
8733
8734
8736
8738
8740
8742
8743
8743
8743
8743
8745
8745
8746
8749
8750
8753
8753
8754
8754
8755
8757
8758
8761
8765
8766
8766
8766
8767
8768
8769
8769
8770
8771
8771
8775
8778
8779
8780
8782
8782
8784
8785
8786
8787
8787
8788
8789
8792
8792
8792
8792
8794
8795
8795
8796
8797
8800
8800
8801
8801
8805
8807
8809
8809
8812
8812
8812
8816
8817
8818
8818
8820
8821
8821
8822
8822
8824
8826
8826
8827
8829
8829
8829
8831
8831
8833
8834
8835
8835
8836
8836
8837
8837
8838
8838
8839
8839
8839
8840
8841
8841
8843
8843
8844
8844
8846
8849
8851
8851
8854
8855
8856
8857
8858
8858
8859
8860
8860
8862
8862
8863
8864
8865
8866
8867
8868
8870
8871
8873
8874
8876
8876
8877
8878
8878
8880
8882
8885
8887
8889
8890
8891
8892
8893
8894
8895
8895
8896
8897
8898
8901
8903
8904
8904
8905
8907
8908
8908
8909
8909
8911
8911
8914
8914
8916
8916
8917
8917
8917
8922
8922
8923
8924
8924
8926
8927
8928
8930
8930
8931
8932
8932
8932
8936
8936
8937
8938
8938
8939
8939
8942
8943
8944
8944
8945
8946
8946
8946
8946
8948
8950
8950
8951
8952
8952
8954
8954
8954
8955
8955
8955
8956
8958
8958
8960
8960
8962
8963
8965
8967
8972
8975
8979
8979
8981
8982
8982
8982
8984
8986
8986
8987
8989
8989
8991
8991
8993
8994
8995
8995
8996
8996
8997
8997
8997
8998
8998
9000
9000
9003
9003
9004
9007
9009
9011
9011
9011
9013
9017
9018
9018
9018
9020
9020
9022
9022
9024
9025
9026
9027
9028
9030
9030
9033
9036
9039
9040
9041
9041
9042
9043
9044
9045
9048
9050
9051
9052
9052
9052
9053
9053
9055
9057
9058
9059
9059
9060
9061
9065
9065
9065
9067
9067
9069
9069
9069
9070
9070
9071
9072
9080
9080
9080
9080
9081
9082
9087
9088
9089
9091
9091
9091
9093
9093
9093
9093
9094
9095
9096
9097
9100
9103
9104
9105
9105
9105
9106
9112
9112
9113
9114
9115
9116
9117
9119
9119
9120
9120
9121
9121
9122
9123
9124
9124
9124
9124
9124
9125
9127
9129
9130
9131
9131
9131
9134
9135
9135
9135
9138
9138
9139
9140
9142
9143
9144
9145
9146
9147
9149
9149
9150
9151
9152
9152
9152
9154
9155
9155
9158
9159
9159
9159
9160
9161
9163
9163
9164
9164
9165
9166
9167
9168
9168
9169
9169
9170
9170
9171
9171
9171
9172
9173
9175
9175
9176
9177
9181
9181
9185
9186
9187
9188
9188
9189
9189
9189
9190
9194
9195
9196
9196
9197
9199
9201
9202
9202
9203
9203
9204
9205
9207
9207
9210
9210
9211
9212
9214
9217
9218
9219
9219
9220
9221
9221
9222
9226
9226
9228
9230
9232
9232
9233
9233
9234
9235
9238
9239
9239
9240
9241
9242
9243
9245
9246
9248
9249
9250
9250
9251
9253
9254
9255
9255
9256
9256
9257
9259
9261
9261
9264
9264
9267
9267
9268
9268
9268
9269
9271
9271
9271
9273
9274
9274
9276
9276
9277
9281
9282
9283
9283
9284
9286
9286
9286
9286
9287
9287
9288
9288
9289
9289
9290
9290
9290
9291
9292
9292
9294
9294
9294
9295
9297
9300
9300
9301
9301
9301
9302
9303
9303
9304
9305
9306
9306
9306
9306
9309
9310
9310
9311
9312
9312
9313
9314
9315
9316
9318
9321
9324
9325
9325
9325
9326
9326
9326
9327
9327
9330
9331
9333
9335
9336
9337
9338
9339
9340
9342
9343
9344
9344
9346
9347
9348
9349
9349
9351
9352
9352
9353
9353
9354
9357
9359
9360
9365
9367
9369
9369
9371
9371
9375
9375
9376
9377
9377
9380
9381
9383
9386
9386
9386
9390
9391
9392
9392
9394
9397
9398
9398
9399
9404
9406
9407
9407
9414
9417
9417
9418
9418
9418
9419
9420
9420
9422
9422
9427
9431
9432
9434
9436
9436
9437
9439
9440
9441
9442
9443
9446
9446
9448
9448
9449
9449
9451
9452
9453
9454
9455
9456
9458
9459
9460
9461
9462
9465
9466
9468
9468
9469
9471
9472
9472
9473
9475
9476
9481
9483
9484
9486
9486
9488
9488
9489
9490
9492
9492
9493
9493
9496
9496
9497
9498
9499
9500
9501
9501
9502
9502
9504
9505
9509
9510
9512
9512
9512
9513
9519
9519
9521
9521
9521
9521
9522
9522
9523
9523
9526
9530
9531
9531
9532
9533
9535
9538
9541
9541
9544
9544
9545
9545
9546
9548
9549
9549
9550
9551
9552
9553
9553
9554
9555
9556
9556
9558
9558
9559
9559
9563
9566
9567
9568
9569
9571
9572
9572
9573
9575
9578
9579
9580
9582
9583
9583
9583
9584
9585
9586
9588
9589
9589
9590
9592
9593
9593
9594
9595
9595
9596
9597
9597
9598
9598
9599
9601
9602
9603
9604
9604
9607
9608
9609
9610
9610
9612
9615
9616
9620
9620
9621
9621
9622
9623
9626
9626
9627
9629
9630
9630
9631
9632
9633
9634
9636
9636
9637
9639
9639
9639
9640
9641
9641
9641
9643
9644
9644
9644
9644
9644
9646
9646
9647
9647
9647
9649
9649
9649
9650
9650
9651
9651
9651
9654
9656
9656
9656
9658
9659
9659
9659
9659
9660
9661
9662
9666
9668
9670
9670
9672
9675
9676
9677
9678
9680
9680
9680
9683
9684
9686
9688
9688
9689
9692
9701
9701
9701
9703
9705
9705
9708
9708
9709
9709
9710
9711
9713
9713
9722
9722
9724
9724
9725
9726
9727
9728
9729
9731
9731
9733
9734
9734
9735
9735
9736
9739
9740
9740
9741
9741
9741
9743
9747
9748
9748
9749
9750
9750
9750
9751
9752
9754
9756
9757
9760
9761
9762
9764
9764
9765
9766
9767
9768
9768
9768
9769
9770
9771
9774
9774
9774
9774
9776
9779
9781
9782
9783
9783
9783
9784
9784
9784
9788
9790
9793
9793
9796
9797
9800
9800
9803
9806
9807
9808
9809
9809
9811
9812
9812
9814
9814
9815
9815
9817
9817
9817
9817
9817
9818
9818
9820
9820
9821
9822
9823
9824
9825
9827
9828
9829
9829
9835
9836
9841
9844
9846
9846
9847
9850
9851
9852
9853
9855
9856
9857
9857
9857
9859
9860
9860
9862
9862
9862
9863
9864
9864
9868
9871
9871
9873
9875
9880
9880
9882
9882
9883
9883
9886
9886
9887
9887
9887
9888
9888
9889
9891
9891
9892
9892
9892
9892
9892
9892
9893
9893
9896
9899
9899
9899
9900
9900
9908
9909
9910
9910
9910
9911
9913
9915
9915
9915
9916
9918
9919
9919
9920
9921
9922
9923
9924
9925
9926
9928
9928
9929
9929
9930
9931
9932
9933
9934
9935
9935
9937
9939
9942
9945
9945
9946
9946
9948
9948
9949
9950
9951
9951
9953
9954
9954
9954
9955
9956
9956
9957
9958
9958
9958
9959
9959
9960
9961
9962
9963
9964
9964
9965
9965
9968
9969
9970
9970
9970
9970
9972
9973
9978
9978
9979
9981
9982
9983
9985
9986
9988
9989
9991
9992
9994
9994
9995
9996